1.18157e+08 2.03532e-06 -4.29887e-06 6.0604e-07 -3.75451e-06 3.28542e-06 -7.79035e-07 -4.37972e-09 -1.61639e-09 2.06195e-09 -1.15932e-09 5.50863e-09 -6.74826e-09 5.21784e-09 2.03532e-06 1.83486e-16 -2.23508e-16 8.99805e-18 -2.49803e-16 2.15361e-16 -5.52951e-17 -4.75816e-19 1.59086e-19 -3.33007e-19 -2.88718e-19 3.86801e-20 2.97949e-19 1.02816e-19 -4.29887e-06 -2.23508e-16 2.81848e-16 -5.57827e-18 3.03076e-16 -2.61286e-16 6.70807e-17 5.8814e-19 -1.94852e-19 4.14494e-19 3.57044e-19 -4.67514e-20 -3.72528e-19 -1.25764e-19 6.0604e-07 8.99805e-18 -5.57827e-18 1.23901e-17 -1.76209e-17 1.52448e-17 -3.81419e-18 -6.21655e-20 9.57035e-21 -1.98405e-20 -2.07176e-20 8.66399e-21 1.3078e-20 1.15309e-20 -3.75451e-06 -2.49803e-16 3.03076e-16 -1.76209e-17 3.43585e-16 -2.96242e-16 7.60074e-17 6.71354e-19 -2.18043e-19 4.60623e-19 3.99487e-19 -5.56645e-20 -4.11036e-19 -1.43901e-19 3.28542e-06 2.15361e-16 -2.61286e-16 1.52448e-17 -2.96242e-16 2.55432e-16 -6.55249e-17 -5.77648e-19 1.86683e-19 -3.96037e-19 -3.44432e-19 4.85508e-20 3.53686e-19 1.2439e-19 -7.79035e-07 -5.52951e-17 6.70807e-17 -3.81419e-18 7.60074e-17 -6.55249e-17 1.68347e-17 1.45456e-19 -4.95244e-20 1.00949e-19 8.69698e-20 -1.13188e-20 -9.00714e-20 -3.07491e-20 -4.37972e-09 -4.75816e-19 5.8814e-19 -6.21655e-20 6.71354e-19 -5.77648e-19 1.45456e-19 5.5821e-21 -1.46092e-21 2.54021e-21 1.65627e-21 -1.95279e-22 -2.04223e-21 -6.65225e-22 -1.61639e-09 1.59086e-19 -1.94852e-19 9.57035e-21 -2.18043e-19 1.86683e-19 -4.95244e-20 -1.46092e-21 1.10369e-21 -7.74328e-22 -6.14545e-22 -6.83604e-23 7.17283e-22 1.12702e-22 2.06195e-09 -3.33007e-19 4.14494e-19 -1.98405e-20 4.60623e-19 -3.96037e-19 1.00949e-19 2.54021e-21 -7.74328e-22 1.95474e-21 1.1149e-21 -5.21881e-23 -1.46181e-21 -3.77284e-22 -1.15932e-09 -2.88718e-19 3.57044e-19 -2.07176e-20 3.99487e-19 -3.44432e-19 8.69698e-20 1.65627e-21 -6.14545e-22 1.1149e-21 1.13654e-21 -2.85593e-22 -9.3802e-22 -4.1911e-22 5.50863e-09 3.86801e-20 -4.67514e-20 8.66399e-21 -5.56645e-20 4.85508e-20 -1.13188e-20 -1.95279e-22 -6.83604e-23 -5.21881e-23 -2.85593e-22 2.91555e-22 -7.25705e-23 2.16965e-22 -6.74826e-09 2.97949e-19 -3.72528e-19 1.3078e-20 -4.11036e-19 3.53686e-19 -9.00714e-20 -2.04223e-21 7.17283e-22 -1.46181e-21 -9.3802e-22 -7.25705e-23 1.44592e-21 2.75066e-22 5.21784e-09 1.02816e-19 -1.25764e-19 1.15309e-20 -1.43901e-19 1.2439e-19 -3.07491e-20 -6.65225e-22 1.12702e-22 -3.77284e-22 -4.1911e-22 2.16965e-22 2.75066e-22 3.05485e-22
8.08263e+12 -19.7466 5.68522 -4.3624 1.20064 2.4335 0.0542701 0.0394642 0.00255138 0.00172175 0.00353689 0.00145161 -0.000602031 6.63705e-06 -19.7466 9.32882e-10 -2.686e-10 2.06071e-10 -5.67251e-11 -1.14967e-10 -2.56278e-12 -1.86668e-12 -1.1974e-13 -7.99252e-14 -1.65813e-13 -6.7914e-14 2.7969e-14 -2.67706e-16 5.68522 -2.686e-10 7.73366e-11 -5.93324e-11 1.63326e-11 3.3102e-11 7.37871e-13 5.37489e-13 3.44772e-14 2.30127e-14 4.77437e-14 1.95548e-14 -8.05314e-15 7.70665e-17 -4.3624 2.06071e-10 -5.93324e-11 4.55214e-11 -1.25303e-11 -2.53958e-11 -5.66145e-13 -4.12279e-13 -2.64469e-14 -1.76542e-14 -3.66225e-14 -1.5e-14 6.17772e-15 -5.91602e-17 1.20064 -5.67251e-11 1.63326e-11 -1.25303e-11 3.44927e-12 6.99076e-12 1.55828e-13 1.13515e-13 7.28133e-15 4.86003e-15 1.00832e-14 4.12984e-15 -1.70075e-15 1.6274e-17 2.4335 -1.14967e-10 3.3102e-11 -2.53958e-11 6.99076e-12 1.41684e-11 3.15829e-13 2.30056e-13 1.4757e-14 9.85003e-15 2.04353e-14 8.3699e-15 -3.44694e-15 3.29886e-17 0.0542701 -2.56278e-12 7.37871e-13 -5.66145e-13 1.55828e-13 3.15829e-13 7.04166e-15 5.12577e-15 3.28829e-16 2.19531e-16 4.55335e-16 1.86503e-16 -7.68167e-17 7.36401e-19 0.0394642 -1.86668e-12 5.37489e-13 -4.12279e-13 1.13515e-13 2.30056e-13 5.12577e-15 3.73931e-15 2.39775e-16 1.59952e-16 3.32088e-16 1.36003e-16 -5.59898e-17 5.33495e-19 0.00255138 -1.1974e-13 3.44772e-14 -2.64469e-14 7.28133e-15 1.4757e-14 3.28829e-16 2.39775e-16 1.5399e-17 1.02878e-17 2.13177e-17 8.73364e-18 -3.59814e-18 3.46633e-20 0.00172175 -7.99252e-14 2.30127e-14 -1.76542e-14 4.86003e-15 9.85003e-15 2.19531e-16 1.59952e-16 1.02878e-17 6.8863e-18 1.42388e-17 5.83541e-18 -2.40643e-18 2.34932e-20 0.00353689 -1.65813e-13 4.77437e-14 -3.66225e-14 1.00832e-14 2.04353e-14 4.55335e-16 3.32088e-16 2.13177e-17 1.42388e-17 2.95217e-17 1.20925e-17 -4.98125e-18 4.78187e-20 0.00145161 -6.7914e-14 1.95548e-14 -1.5e-14 4.12984e-15 8.3699e-15 1.86503e-16 1.36003e-16 8.73364e-18 5.83541e-18 1.20925e-17 4.95432e-18 -2.04122e-18 1.969e-20 -0.000602031 2.7969e-14 -8.05314e-15 6.17772e-15 -1.70075e-15 -3.44694e-15 -7.68167e-17 -5.59898e-17 -3.59814e-18 -2.40643e-18 -4.98125e-18 -2.04122e-18 8.41551e-19 -8.22093e-21 6.63705e-06 -2.67706e-16 7.70665e-17 -5.91602e-17 1.6274e-17 3.29886e-17 7.36401e-19 5.33495e-19 3.46633e-20 2.34932e-20 4.78187e-20 1.969e-20 -8.22093e-21 1.43152e-22
3.26659e+34 -1.05739e+08 -6.25717e+08 2.14879e+06 5.08924e+06 -1.55724e+06 -1.82581e+06 -195988 2.73201e+06 412619 446704 -302931 -54386.3 -180488 -1.05739e+08 1.94693e-15 1.14474e-14 2.24866e-17 -5.90427e-17 3.68327e-17 1.81623e-17 5.90035e-18 -3.29e-17 -1.02793e-17 -3.69487e-18 2.10557e-18 4.116e-19 1.81806e-18 -6.25717e+08 1.14474e-14 6.73342e-14 1.39995e-16 -3.48049e-16 2.17558e-16 1.06994e-16 3.47513e-17 -1.94057e-16 -6.06275e-17 -2.17857e-17 1.24203e-17 2.42853e-18 1.07228e-17 2.14879e+06 2.24866e-17 1.39995e-16 5.82101e-18 -8.808e-19 1.4054e-18 -2.21958e-22 1.16783e-20 -5.41082e-19 -1.58687e-19 -3.2917e-20 2.54115e-20 6.83914e-21 2.45565e-20 5.08924e+06 -5.90427e-17 -3.48049e-16 -8.808e-19 2.15904e-18 -1.16038e-18 -7.10174e-19 -2.28314e-19 1.1669e-18 3.70475e-19 1.35335e-19 -7.50361e-20 -1.47089e-20 -6.55186e-20 -1.55724e+06 3.68327e-17 2.17558e-16 1.4054e-18 -1.16038e-18 9.24653e-19 2.95822e-19 1.01684e-19 -6.57362e-19 -2.03818e-19 -6.68146e-20 3.95404e-20 8.17697e-21 3.4902e-20 -1.82581e+06 1.81623e-17 1.06994e-16 -2.21958e-22 -7.10174e-19 2.95822e-19 2.63721e-19 8.44267e-20 -3.80137e-19 -1.23824e-19 -4.67877e-20 2.51852e-20 4.80055e-21 2.18297e-20 -195988 5.90035e-18 3.47513e-17 1.16783e-20 -2.28314e-19 1.01684e-19 8.44267e-20 3.01135e-20 -1.20882e-19 -4.14256e-20 -1.45846e-20 7.87511e-21 1.50856e-21 6.81515e-21 2.73201e+06 -3.29e-17 -1.94057e-16 -5.41082e-19 1.1669e-18 -6.57362e-19 -3.80137e-19 -1.20882e-19 6.45993e-19 2.03242e-19 7.42251e-20 -4.13484e-20 -8.05605e-21 -3.58387e-20 412619 -1.02793e-17 -6.06275e-17 -1.58687e-19 3.70475e-19 -2.03818e-19 -1.23824e-19 -4.14256e-20 2.03242e-19 6.68966e-20 2.34068e-20 -1.27996e-20 -2.57815e-21 -1.13012e-20 446704 -3.69487e-18 -2.17857e-17 -3.2917e-20 1.35335e-19 -6.68146e-20 -4.67877e-20 -1.45846e-20 7.42251e-20 2.34068e-20 9.14955e-21 -5.00812e-21 -9.1625e-22 -4.27735e-21 -302931 2.10557e-18 1.24203e-17 2.54115e-20 -7.50361e-20 3.95404e-20 2.51852e-20 7.87511e-21 -4.13484e-20 -1.27996e-20 -5.00812e-21 3.08677e-21 5.62543e-22 2.44567e-21 -54386.3 4.116e-19 2.42853e-18 6.83914e-21 -1.47089e-20 8.17697e-21 4.80055e-21 1.50856e-21 -8.05605e-21 -2.57815e-21 -9.1625e-22 5.62543e-22 1.40925e-22 4.76956e-22 -180488 1.81806e-18 1.07228e-17 2.45565e-20 -6.55186e-20 3.4902e-20 2.18297e-20 6.81515e-21 -3.58387e-20 -1.13012e-20 -4.27735e-21 2.44567e-21 4.76956e-22 2.18426e-21
28890.7 -3.33077e-08 -6.35826e-08 -4.17776e-08 -1.10574e-08 -1.18586e-09 -5.69394e-10 -1.4388e-10 -6.41488e-11 2.06218e-10 2.20172e-10 -1.07158e-11 8.44024e-12 -3.63775e-11 -3.33077e-08 1.01455e-15 1.80422e-15 9.82727e-16 -6.88529e-18 -1.12197e-17 1.05801e-19 1.69959e-19 5.24511e-20 1.15779e-19 -2.46423e-19 -1.15682e-20 -9.0826e-21 5.40568e-20 -6.35826e-08 1.80422e-15 3.22858e-15 1.75875e-15 -1.15772e-17 -1.92752e-17 2.04153e-19 3.00577e-19 9.30203e-20 2.01486e-19 -4.26239e-19 -2.24832e-20 -1.28051e-20 9.37033e-20 -4.17776e-08 9.82727e-16 1.75875e-15 9.67301e-16 -4.18697e-18 -1.03167e-17 9.8968e-20 1.67536e-19 4.96446e-20 1.08183e-19 -2.25064e-19 -1.34334e-20 -6.96934e-21 4.76943e-20 -1.10574e-08 -6.88529e-18 -1.15772e-17 -4.18697e-18 1.28445e-18 2.6746e-19 2.11809e-21 1.61826e-21 -2.15709e-23 -2.87856e-21 4.80696e-21 -8.0551e-23 2.75276e-22 -1.40866e-21 -1.18586e-09 -1.12197e-17 -1.92752e-17 -1.03167e-17 2.6746e-19 2.49611e-19 2.63293e-21 -1.61409e-21 -5.09344e-22 -2.20648e-21 4.52663e-21 -1.66665e-22 2.79379e-22 -1.09779e-21 -5.69394e-10 1.05801e-19 2.04153e-19 9.8968e-20 2.11809e-21 2.63293e-21 4.73663e-21 1.64942e-21 -3.144e-23 -2.9299e-22 -4.28404e-22 -1.79297e-22 4.18397e-24 -9.87108e-23 -1.4388e-10 1.69959e-19 3.00577e-19 1.67536e-19 1.61826e-21 -1.61409e-21 1.64942e-21 1.33017e-21 -3.63999e-22 -4.25841e-23 -1.35042e-22 -1.11718e-22 7.78538e-26 -3.04089e-23 -6.41488e-11 5.24511e-20 9.30203e-20 4.96446e-20 -2.15709e-23 -5.09344e-22 -3.144e-23 -3.63999e-22 9.32793e-22 -3.30545e-23 1.84877e-23 -1.62152e-22 5.43218e-23 1.71547e-22 2.06218e-10 1.15779e-19 2.01486e-19 1.08183e-19 -2.87856e-21 -2.20648e-21 -2.9299e-22 -4.25841e-23 -3.30545e-23 4.56048e-22 -1.7991e-23 6.73646e-23 -3.7971e-23 1.37556e-22 2.20172e-10 -2.46423e-19 -4.26239e-19 -2.25064e-19 4.80696e-21 4.52663e-21 -4.28404e-22 -1.35042e-22 1.84877e-23 -1.7991e-23 9.04694e-22 1.33318e-23 1.6062e-23 -2.72958e-23 -1.07158e-11 -1.15682e-20 -2.24832e-20 -1.34334e-20 -8.0551e-23 -1.66665e-22 -1.79297e-22 -1.11718e-22 -1.62152e-22 6.73646e-23 1.33318e-23 2.43379e-22 -7.2264e-23 7.59364e-23 8.44024e-12 -9.0826e-21 -1.28051e-20 -6.96934e-21 2.75276e-22 2.79379e-22 4.18397e-24 7.78538e-26 5.43218e-23 -3.7971e-23 1.6062e-23 -7.2264e-23 7.91649e-23 -1.91257e-23 -3.63775e-11 5.40568e-20 9.37033e-20 4.76943e-20 -1.40866e-21 -1.09779e-21 -9.87108e-23 -3.04089e-23 1.71547e-22 1.37556e-22 -2.72958e-23 7.59364e-23 -1.91257e-23 2.12295e-22
7781.29 6.07718e-06 -3.6005e-09 -9.60766e-10 -5.73401e-10 8.47491e-10 2.35419e-10 -1.398e-10 1.05163e-11 5.79964e-11 2.64354e-10 6.25204e-11 1.58396e-11 -8.76054e-11 6.07718e-06 6.53674e-12 1.53693e-17 -1.1866e-17 -8.61078e-18 1.12203e-17 3.19183e-18 -2.2186e-18 -1.24276e-20 9.00582e-19 4.15587e-18 1.62311e-18 -7.96567e-19 -2.06423e-18 -3.6005e-09 1.53693e-17 1.07902e-18 7.3856e-20 5.47401e-20 -6.46779e-20 -1.74618e-20 1.09668e-20 -6.09431e-22 -4.43541e-21 -1.99886e-20 -5.47297e-21 2.59048e-22 6.04643e-21 -9.60766e-10 -1.1866e-17 7.3856e-20 8.1012e-20 6.01573e-20 -7.32814e-20 -2.0036e-20 1.27611e-20 -6.61868e-22 -4.95459e-21 -2.28351e-20 -6.47097e-21 2.73733e-22 7.29532e-21 -5.73401e-10 -8.61078e-18 5.47401e-20 6.01573e-20 4.89544e-20 -5.55128e-20 -1.50006e-20 9.61845e-21 -5.01901e-22 -3.73894e-21 -1.72546e-20 -4.901e-21 2.07909e-22 5.54274e-21 8.47491e-10 1.12203e-17 -6.46779e-20 -7.32814e-20 -5.55128e-20 6.6843e-20 1.81892e-20 -1.16489e-20 6.01369e-22 4.52955e-21 2.08868e-20 5.90975e-21 -2.30303e-22 -6.69438e-21 2.35419e-10 3.19183e-18 -1.74618e-20 -2.0036e-20 -1.50006e-20 1.81892e-20 5.07383e-21 -3.25295e-21 1.67567e-22 1.22762e-21 5.66287e-21 1.61005e-21 -7.38839e-23 -1.82673e-21 -1.398e-10 -2.2186e-18 1.09668e-20 1.27611e-20 9.61845e-21 -1.16489e-20 -3.25295e-21 2.16016e-21 -1.17583e-22 -7.98252e-22 -3.68922e-21 -1.05117e-21 4.85027e-23 1.21138e-21 1.05163e-11 -1.24276e-20 -6.09431e-22 -6.61868e-22 -5.01901e-22 6.01369e-22 1.67567e-22 -1.17583e-22 1.15539e-23 4.28074e-23 1.92913e-22 5.8742e-23 -8.84032e-24 -5.53902e-23 5.79964e-11 9.00582e-19 -4.43541e-21 -4.95459e-21 -3.73894e-21 4.52955e-21 1.22762e-21 -7.98252e-22 4.28074e-23 3.18599e-22 1.45717e-21 4.08021e-22 -1.83519e-23 -4.60008e-22 2.64354e-10 4.15587e-18 -1.99886e-20 -2.28351e-20 -1.72546e-20 2.08868e-20 5.66287e-21 -3.68922e-21 1.92913e-22 1.45717e-21 6.70983e-21 1.89094e-21 -7.17996e-23 -2.15029e-21 6.25204e-11 1.62311e-18 -5.47297e-21 -6.47097e-21 -4.901e-21 5.90975e-21 1.61005e-21 -1.05117e-21 5.8742e-23 4.08021e-22 1.89094e-21 5.65325e-22 -5.56095e-23 -5.97295e-22 1.58396e-11 -7.96567e-19 2.59048e-22 2.73733e-22 2.07909e-22 -2.30303e-22 -7.38839e-23 4.85027e-23 -8.84032e-24 -1.83519e-23 -7.17996e-23 -5.56095e-23 6.1075e-23 -3.58104e-24 -8.76054e-11 -2.06423e-18 6.04643e-21 7.29532e-21 5.54274e-21 -6.69438e-21 -1.82673e-21 1.21138e-21 -5.53902e-23 -4.60008e-22 -2.15029e-21 -5.97295e-22 -3.58104e-24 7.81994e-22
7.553e+08 -2.74957e-06 -1.72295e-06 1.63893e-06 3.53643e-06 9.57981e-07 1.38683e-07 -3.449e-07 5.60966e-07 1.91831e-07 -1.05445e-07 8.98438e-09 -4.12123e-09 8.2509e-09 -2.74957e-06 6.07422e-18 3.35321e-18 4.12367e-19 -4.45122e-18 -2.28992e-18 -2.68384e-19 7.1552e-19 -6.83355e-19 -2.82077e-19 1.10561e-19 -3.03921e-21 2.48802e-21 -5.00895e-22 -1.72295e-06 3.35321e-18 2.3591e-17 2.6016e-17 -1.31541e-17 -9.98716e-18 -1.01791e-18 2.85246e-18 -2.54779e-18 -1.12449e-18 4.51916e-19 -1.18321e-20 1.29728e-20 -3.17261e-21 1.63893e-06 4.12367e-19 2.6016e-17 3.58647e-17 -1.10945e-17 -1.11396e-17 -1.02582e-18 3.07815e-18 -2.34798e-18 -1.09625e-18 4.33716e-19 -1.31046e-20 1.44494e-20 -4.2646e-21 3.53643e-06 -4.45122e-18 -1.31541e-17 -1.10945e-17 1.02566e-17 5.53432e-18 6.67437e-19 -1.65134e-18 1.83283e-18 7.52035e-19 -3.06649e-19 5.46689e-21 -6.29679e-21 1.60041e-21 9.57981e-07 -2.28992e-18 -9.98716e-18 -1.11396e-17 5.53432e-18 4.70231e-18 4.55236e-19 -1.34196e-18 1.07851e-18 4.8806e-19 -1.9248e-19 6.50456e-21 -6.43719e-21 1.65003e-21 1.38683e-07 -2.68384e-19 -1.01791e-18 -1.02582e-18 6.67437e-19 4.55236e-19 5.12198e-20 -1.32267e-19 1.2645e-19 5.44742e-20 -2.12191e-20 5.7351e-22 -6.97722e-22 2.70278e-23 -3.449e-07 7.1552e-19 2.85246e-18 3.07815e-18 -1.65134e-18 -1.34196e-18 -1.32267e-19 3.93197e-19 -3.18968e-19 -1.43061e-19 5.6224e-20 -1.88137e-21 1.82006e-21 -4.69421e-22 5.60966e-07 -6.83355e-19 -2.54779e-18 -2.34798e-18 1.83283e-18 1.07851e-18 1.2645e-19 -3.18968e-19 3.57879e-19 1.47423e-19 -6.06115e-20 9.96915e-22 -1.20487e-21 4.37688e-22 1.91831e-07 -2.82077e-19 -1.12449e-18 -1.09625e-18 7.52035e-19 4.8806e-19 5.44742e-20 -1.43061e-19 1.47423e-19 6.31591e-20 -2.5306e-20 5.9639e-22 -7.19188e-22 1.77254e-22 -1.05445e-07 1.10561e-19 4.51916e-19 4.33716e-19 -3.06649e-19 -1.9248e-19 -2.12191e-20 5.6224e-20 -6.06115e-20 -2.5306e-20 1.111e-20 -9.02559e-23 1.47398e-22 -1.28288e-22 8.98438e-09 -3.03921e-21 -1.18321e-20 -1.31046e-20 5.46689e-21 6.50456e-21 5.7351e-22 -1.88137e-21 9.96915e-22 5.9639e-22 -9.02559e-23 1.51063e-22 -1.34607e-22 9.69479e-24 -4.12123e-09 2.48802e-21 1.29728e-20 1.44494e-20 -6.29679e-21 -6.43719e-21 -6.97722e-22 1.82006e-21 -1.20487e-21 -7.19188e-22 1.47398e-22 -1.34607e-22 1.80936e-22 3.03414e-24 8.2509e-09 -5.00895e-22 -3.17261e-21 -4.2646e-21 1.60041e-21 1.65003e-21 2.70278e-23 -4.69421e-22 4.37688e-22 1.77254e-22 -1.28288e-22 9.69479e-24 3.03414e-24 5.08921e-23
9.00684e+07 3.50169e-07 -1.1979e-07 -5.92214e-07 3.23156e-07 -1.63965e-07 1.87452e-08 2.70451e-08 -9.65317e-08 -3.60824e-08 -1.9804e-08 -3.21109e-08 1.40946e-08 -1.36847e-08 3.50169e-07 1.32123e-16 -6.58124e-16 -2.59155e-16 1.3497e-16 -4.47443e-17 3.39915e-18 1.15612e-17 -6.35457e-17 -4.36521e-18 -3.85606e-18 -3.74e-18 1.19636e-18 -7.39597e-19 -1.1979e-07 -6.58124e-16 3.71814e-15 1.49484e-15 -7.75811e-16 2.58288e-16 -1.99759e-17 -6.58655e-17 3.62723e-16 2.5481e-17 2.24874e-17 2.1893e-17 -7.00521e-18 4.42807e-18 -5.92214e-07 -2.59155e-16 1.49484e-15 6.16624e-16 -3.17568e-16 1.06634e-16 -8.47036e-18 -2.65717e-17 1.46724e-16 1.07199e-17 9.41288e-18 9.25626e-18 -2.95771e-18 1.92675e-18 3.23156e-07 1.3497e-16 -7.75811e-16 -3.17568e-16 1.64077e-16 -5.49227e-17 4.33007e-18 1.37857e-17 -7.60635e-17 -5.48973e-18 -4.82862e-18 -4.73352e-18 1.51296e-18 -9.77892e-19 -1.63965e-07 -4.47443e-17 2.58288e-16 1.06634e-16 -5.49227e-17 1.84719e-17 -1.47097e-18 -4.58875e-18 2.53452e-17 1.86058e-18 1.63251e-18 1.60753e-18 -5.13536e-19 3.35545e-19 1.87452e-08 3.39915e-18 -1.99759e-17 -8.47036e-18 4.33007e-18 -1.47097e-18 1.21957e-19 3.54078e-19 -1.96719e-18 -1.51633e-19 -1.32013e-19 -1.31899e-19 4.20312e-20 -2.85968e-20 2.70451e-08 1.15612e-17 -6.58655e-17 -2.65717e-17 1.37857e-17 -4.58875e-18 3.54078e-19 1.17319e-18 -6.44752e-18 -4.52844e-19 -3.99863e-19 -3.88591e-19 1.24462e-19 -7.85675e-20 -9.65317e-08 -6.35457e-17 3.62723e-16 1.46724e-16 -7.60635e-17 2.53452e-17 -1.96719e-18 -6.44752e-18 3.55167e-17 2.50618e-18 2.21163e-18 2.15383e-18 -6.89335e-19 4.3729e-19 -3.60824e-08 -4.36521e-18 2.5481e-17 1.07199e-17 -5.48973e-18 1.86058e-18 -1.51633e-19 -4.52844e-19 2.50618e-18 1.90958e-19 1.66809e-19 1.65546e-19 -5.2965e-20 3.54899e-20 -1.9804e-08 -3.85606e-18 2.24874e-17 9.41288e-18 -4.82862e-18 1.63251e-18 -1.32013e-19 -3.99863e-19 2.21163e-18 1.66809e-19 1.47909e-19 1.43818e-19 -4.61054e-20 3.06772e-20 -3.21109e-08 -3.74e-18 2.1893e-17 9.25626e-18 -4.73352e-18 1.60753e-18 -1.31899e-19 -3.88591e-19 2.15383e-18 1.65546e-19 1.43818e-19 1.44153e-19 -4.59948e-20 3.11876e-20 1.40946e-08 1.19636e-18 -7.00521e-18 -2.95771e-18 1.51296e-18 -5.13536e-19 4.20312e-20 1.24462e-19 -6.89335e-19 -5.2965e-20 -4.61054e-20 -4.59948e-20 1.48069e-20 -9.98123e-21 -1.36847e-08 -7.39597e-19 4.42807e-18 1.92675e-18 -9.77892e-19 3.35545e-19 -2.85968e-20 -7.85675e-20 4.3729e-19 3.54899e-20 3.06772e-20 3.11876e-20 -9.98123e-21 7.30544e-21
1.10562e+12 1.97413e-09 8.22438e-05 2.22563e-10 2.38214e-05 2.24808e-12 -5.92665e-05 -3.69831e-13 -1.69037e-05 4.97421e-13 -7.74318e-06 -2.12777e-15 4.42653e-06 -2.91448e-14 3.04411e-05 -4.96352e-15 -5.28073e-07 -1.75721e-14 -4.80482e-06 1.7066e-14 -6.91569e-08 1.45643e-14 -4.09147e-08 3.5974e-15 5.91432e-08 -5.05642e-16 6.23649e-09 -1.32713e-15 8.22438e-05 2.22563e-10 1.03253e-16 1.57304e-09 4.32814e-17 5.80852e-13 -8.0246e-17 -9.39559e-14 -1.84838e-17 1.20639e-13 -2.42723e-17 -1.38474e-15 7.06911e-19 -5.21224e-15 1.34622e-17 -1.14797e-15 -7.26414e-19 -4.81167e-15 -3.9456e-18 4.8302e-15 3.58591e-21 3.4906e-15 1.39346e-22 9.10041e-16 -8.72368e-22 -6.35881e-17 -3.8877e-22 -1.90451e-16 2.38214e-05 2.24808e-12 4.32814e-17 5.80852e-13 1.87135e-17 2.75758e-15 -3.45375e-17 -4.52566e-16 -7.94793e-18 6.06624e-16 -1.03046e-17 -3.26479e-18 3.53026e-19 -3.55995e-17 6.00624e-18 -6.15338e-18 -3.16592e-19 -2.14417e-17 -1.71447e-18 2.095e-17 1.62956e-21 1.76914e-17 6.28346e-23 4.3789e-18 -4.67522e-22 -5.93831e-19 -2.25701e-22 -1.5696e-18 -5.92665e-05 -3.69831e-13 -8.0246e-17 -9.39559e-14 -3.45375e-17 -4.52566e-16 6.41961e-17 7.43161e-17 1.47695e-17 -9.95887e-17 1.91363e-17 5.31653e-19 -6.65238e-19 5.833e-18 -1.11869e-17 1.00713e-18 5.88422e-19 3.5205e-18 3.18604e-18 -3.43693e-18 -3.02976e-21 -2.90339e-18 -1.00112e-22 -7.18725e-19 8.09116e-22 9.74967e-20 3.92236e-22 2.57659e-19 -1.69037e-05 4.97421e-13 -1.84838e-17 1.20639e-13 -7.94793e-18 6.06624e-16 1.47695e-17 -9.95887e-17 3.4141e-18 1.33546e-16 4.42326e-18 -7.02575e-19 -1.51478e-19 -7.82511e-18 -2.57312e-18 -1.35041e-18 1.35544e-19 -4.72142e-18 7.34659e-19 4.60856e-18 -6.93616e-22 3.89595e-18 -6.1068e-24 9.64191e-19 1.19708e-22 -1.31145e-19 7.138e-23 -3.46471e-19 -7.74318e-06 -2.12777e-15 -2.42723e-17 -1.38474e-15 -1.03046e-17 -3.26479e-18 1.91363e-17 5.31653e-19 4.42326e-18 -7.02575e-19 5.89061e-18 7.29357e-21 -1.37642e-19 4.49159e-20 -3.07196e-18 8.07677e-21 1.71193e-19 2.40578e-20 9.29972e-19 -2.44061e-20 -8.33858e-22 -2.00274e-20 5.11351e-23 -4.95739e-21 -7.38801e-23 6.16249e-22 1.48516e-23 1.66062e-21 4.42653e-06 -2.91448e-14 7.06911e-19 -5.21224e-15 3.53026e-19 -3.55995e-17 -6.65238e-19 5.833e-18 -1.51478e-19 -7.82511e-18 -1.37642e-19 4.49159e-20 3.03045e-20 4.73219e-19 2.1682e-19 8.18902e-20 -7.8121e-21 2.73719e-19 -4.06468e-20 -2.69328e-19 6.4404e-23 -2.27996e-19 3.14849e-23 -5.62652e-20 -1.12671e-22 7.7427e-21 -3.47482e-23 2.04369e-20 3.04411e-05 -4.96352e-15 1.34622e-17 -1.14797e-15 6.00624e-18 -6.15338e-18 -1.11869e-17 1.00713e-18 -2.57312e-18 -1.35041e-18 -3.07196e-18 8.07677e-21 2.1682e-19 8.18902e-20 2.40533e-18 1.42686e-20 -1.10811e-19 4.72421e-20 -5.94215e-19 -4.66418e-20 6.41807e-22 -3.93447e-20 1.52411e-22 -9.71199e-21 -6.2062e-22 1.3251e-21 -2.13493e-22 3.5036e-21 -5.28073e-07 -1.75721e-14 -7.26414e-19 -4.81167e-15 -3.16592e-19 -2.14417e-17 5.88422e-19 3.5205e-18 1.35544e-19 -4.72142e-18 1.71193e-19 2.40578e-20 -7.8121e-21 2.73719e-19 -1.10811e-19 4.72421e-20 5.64704e-21 1.67668e-19 3.00712e-20 -1.63291e-19 -3.17887e-23 -1.37913e-19 -2.85262e-24 -3.41649e-20 1.32439e-23 4.62624e-21 5.35421e-24 1.22265e-20 -4.80482e-06 1.7066e-14 -3.9456e-18 4.8302e-15 -1.71447e-18 2.095e-17 3.18604e-18 -3.43693e-18 7.34659e-19 4.60856e-18 9.29972e-19 -2.44061e-20 -4.06468e-20 -2.69328e-19 -5.94215e-19 -4.66418e-20 3.00712e-20 -1.63291e-19 1.62623e-19 1.59528e-19 -1.59188e-22 1.34568e-19 -1.34881e-23 3.33201e-20 7.47753e-23 -4.50655e-21 3.13381e-23 -1.19161e-20 -6.91569e-08 1.45643e-14 3.58591e-21 3.4906e-15 1.62956e-21 1.76914e-17 -3.02976e-21 -2.90339e-18 -6.93616e-22 3.89595e-18 -8.33858e-22 -2.00274e-20 6.4404e-23 -2.27996e-19 6.41807e-22 -3.93447e-20 -3.17887e-23 -1.37913e-19 -1.59188e-22 1.34568e-19 3.45935e-24 1.13808e-19 6.6228e-25 2.81629e-20 2.2915e-25 -3.83827e-21 -6.61769e-27 -1.01366e-20 -4.09147e-08 3.5974e-15 1.39346e-22 9.10041e-16 6.28346e-23 4.3789e-18 -1.00112e-22 -7.18725e-19 -6.1068e-24 9.64191e-19 5.11351e-23 -4.95739e-21 3.14849e-23 -5.62652e-20 1.52411e-22 -9.71199e-21 -2.85262e-24 -3.41649e-20 -1.34881e-23 3.33201e-20 6.6228e-25 2.81629e-20 6.00773e-24 6.97198e-21 -1.36515e-23 -9.47869e-22 -1.46587e-24 -2.50392e-21 5.91432e-08 -5.05642e-16 -8.72368e-22 -6.35881e-17 -4.67522e-22 -5.93831e-19 8.09116e-22 9.74967e-20 1.19708e-22 -1.31145e-19 -7.38801e-23 6.16249e-22 -1.12671e-22 7.7427e-21 -6.2062e-22 1.3251e-21 1.32439e-23 4.62624e-21 7.47753e-23 -4.50655e-21 2.2915e-25 -3.83827e-21 -1.36515e-23 -9.47869e-22 3.9808e-23 1.3239e-22 8.18124e-24 3.48234e-22 6.23649e-09 -1.32713e-15 -3.8877e-22 -1.90451e-16 -2.25701e-22 -1.5696e-18 3.92236e-22 2.57659e-19 7.138e-23 -3.46471e-19 1.48516e-23 1.66062e-21 -3.47482e-23 2.04369e-20 -2.13493e-22 3.5036e-21 5.35421e-24 1.22265e-20 3.13381e-23 -1.19161e-20 -6.61769e-27 -1.01366e-20 -1.46587e-24 -2.50392e-21 8.18124e-24 3.48234e-22 3.96057e-24 9.16849e-22
7.58289e+14 0.00729954 -0.00210698 1.65959e-05 -4.04572e-05 0.000119117 -8.62798e-05 -8.39512e-06 5.62049e-05 2.49089e-05 -1.34305e-05 9.69958e-06 -1.37928e-05 4.31689e-06 0.00729954 2.00531e-16 -5.54988e-17 -3.48914e-18 8.57213e-19 1.97988e-18 3.34278e-19 2.01936e-18 2.63684e-19 -8.89308e-20 -1.69268e-20 9.18122e-22 3.02392e-21 2.53724e-21 -0.00210698 -5.54988e-17 1.69798e-17 7.08279e-19 -3.35917e-19 -5.15744e-19 -9.31634e-20 -5.18928e-19 -8.19786e-20 2.87019e-20 9.36776e-21 -5.45507e-22 -1.64803e-21 -1.00112e-21 1.65959e-05 -3.48914e-18 7.08279e-19 4.44976e-18 9.42466e-20 1.76068e-19 4.31928e-20 1.88452e-19 2.66442e-20 -3.73897e-21 -1.25384e-21 3.708e-22 1.72868e-22 2.34735e-22 -4.04572e-05 8.57213e-19 -3.35917e-19 9.42466e-20 4.53666e-20 1.25242e-20 1.57794e-20 1.94283e-20 5.1324e-21 -1.78048e-21 -1.11911e-21 9.07854e-23 3.7802e-22 3.75338e-23 0.000119117 1.97988e-18 -5.15744e-19 1.76068e-19 1.25242e-20 6.4427e-20 4.38658e-21 5.93675e-20 6.8926e-21 -1.94567e-21 3.90355e-22 1.12508e-22 -1.68286e-22 2.09749e-22 -8.62798e-05 3.34278e-19 -9.31634e-20 4.31928e-20 1.57794e-20 4.38658e-21 1.24723e-20 1.41786e-20 1.79649e-21 -3.2725e-22 -2.66126e-22 -6.75096e-23 1.86115e-22 -1.34708e-22 -8.39512e-06 2.01936e-18 -5.18928e-19 1.88452e-19 1.94283e-20 5.93675e-20 1.41786e-20 6.86796e-20 6.44004e-21 -1.8716e-21 1.47841e-23 3.7566e-23 -5.03344e-23 2.32109e-23 5.62049e-05 2.63684e-19 -8.19786e-20 2.66442e-20 5.1324e-21 6.8926e-21 1.79649e-21 6.44004e-21 2.90273e-21 -5.19722e-22 -7.87355e-22 3.26347e-23 6.43421e-23 2.29974e-23 2.49089e-05 -8.89308e-20 2.87019e-20 -3.73897e-21 -1.78048e-21 -1.94567e-21 -3.2725e-22 -1.8716e-21 -5.19722e-22 8.48028e-22 2.82632e-22 -1.10616e-24 -1.12299e-22 1.57201e-23 -1.34305e-05 -1.69268e-20 9.36776e-21 -1.25384e-21 -1.11911e-21 3.90355e-22 -2.66126e-22 1.47841e-23 -7.87355e-22 2.82632e-22 6.85239e-22 -2.09517e-23 -9.43167e-23 3.85485e-23 9.69958e-06 9.18122e-22 -5.45507e-22 3.708e-22 9.07854e-23 1.12508e-22 -6.75096e-23 3.7566e-23 3.26347e-23 -1.10616e-24 -2.09517e-23 4.66872e-23 -2.74082e-23 2.86968e-23 -1.37928e-05 3.02392e-21 -1.64803e-21 1.72868e-22 3.7802e-22 -1.68286e-22 1.86115e-22 -5.03344e-23 6.43421e-23 -1.12299e-22 -9.43167e-23 -2.74082e-23 7.49911e-23 -2.19707e-23 4.31689e-06 2.53724e-21 -1.00112e-21 2.34735e-22 3.75338e-23 2.09749e-22 -1.34708e-22 2.32109e-23 2.29974e-23 1.57201e-23 3.85485e-23 2.86968e-23 -2.19707e-23 4.57427e-23
2.41896e+14 -0.748379 0.528124 -0.117302 -0.000595056 -0.000852554 0.000821743 -0.000248087 0.000813851 0.000305062 -6.84259e-06 -1.76385e-06 6.97295e-07 -3.11269e-06 -0.748379 7.78771e-11 -1.34938e-13 2.98861e-14 1.67166e-16 2.14978e-16 -2.41982e-16 5.75057e-17 -2.0997e-16 -7.81957e-17 -7.19788e-18 1.46722e-19 -1.10253e-18 3.95862e-18 0.528124 -1.34938e-13 2.69008e-12 -6.00687e-13 -2.75751e-15 -4.4219e-15 3.99468e-15 -1.29576e-15 4.34398e-15 1.64696e-15 -6.7545e-17 6.44627e-18 -7.36594e-18 5.41679e-17 -0.117302 2.98861e-14 -6.00687e-13 1.34138e-13 6.15963e-16 9.87303e-16 -8.92192e-16 2.89374e-16 -9.69741e-16 -3.67689e-16 1.50698e-17 -1.44013e-18 1.64451e-18 -1.20887e-17 -0.000595056 1.67166e-16 -2.75751e-15 6.15963e-16 3.03186e-18 4.514e-18 -4.23502e-18 1.36848e-18 -4.34073e-18 -1.66025e-18 5.96979e-20 -7.76424e-21 7.51651e-21 -5.45005e-20 -0.000852554 2.14978e-16 -4.4219e-15 9.87303e-16 4.514e-18 7.2973e-18 -6.54927e-18 2.12945e-18 -7.17942e-18 -2.71824e-18 1.14073e-19 -1.04491e-20 1.2092e-20 -8.87887e-20 0.000821743 -2.41982e-16 3.99468e-15 -8.92192e-16 -4.23502e-18 -6.54927e-18 6.05693e-18 -1.94728e-18 6.3593e-18 2.42314e-18 -9.29955e-20 1.04659e-20 -1.10637e-20 8.0663e-20 -0.000248087 5.75057e-17 -1.29576e-15 2.89374e-16 1.36848e-18 2.12945e-18 -1.94728e-18 6.36293e-19 -2.07748e-18 -7.90358e-19 3.07607e-20 -3.37951e-21 3.50783e-21 -2.55719e-20 0.000813851 -2.0997e-16 4.34398e-15 -9.69741e-16 -4.34073e-18 -7.17942e-18 6.3593e-18 -2.07748e-18 7.12636e-18 2.69022e-18 -1.16135e-19 9.79071e-21 -1.19675e-20 8.87267e-20 0.000305062 -7.81957e-17 1.64696e-15 -3.67689e-16 -1.66025e-18 -2.71824e-18 2.42314e-18 -7.90358e-19 2.69022e-18 1.01751e-18 -4.31077e-20 3.79409e-21 -4.58434e-21 3.40324e-20 -6.84259e-06 -7.19788e-18 -6.7545e-17 1.50698e-17 5.96979e-20 1.14073e-19 -9.29955e-20 3.07607e-20 -1.16135e-19 -4.31077e-20 3.70194e-21 8.23516e-23 2.08342e-22 -1.787e-21 -1.76385e-06 1.46722e-19 6.44627e-18 -1.44013e-18 -7.76424e-21 -1.04491e-20 1.04659e-20 -3.37951e-21 9.79071e-21 3.79409e-21 8.23516e-23 1.23115e-22 -5.34917e-23 1.06889e-22 6.97295e-07 -1.10253e-18 -7.36594e-18 1.64451e-18 7.51651e-21 1.2092e-20 -1.10637e-20 3.50783e-21 -1.19675e-20 -4.58434e-21 2.08342e-22 -5.34917e-23 6.73696e-23 -2.99146e-22 -3.11269e-06 3.95862e-18 5.41679e-17 -1.20887e-17 -5.45005e-20 -8.87887e-20 8.0663e-20 -2.55719e-20 8.87267e-20 3.40324e-20 -1.787e-21 1.06889e-22 -2.99146e-22 2.68965e-21
2.05383e+18 1.24411e+06 0.00869343 -0.0421824 0.0131895 -0.00801093 0.015392 0.00834785 -0.0072369 -0.00957514 0.00487327 0.00227415 -0.00129426 -0.000151339 1.24411e+06 7.53656e-07 5.23904e-15 -2.54314e-14 7.98123e-15 -4.88287e-15 9.3341e-15 5.06147e-15 -4.39212e-15 -5.808e-15 2.95709e-15 1.37972e-15 -7.81662e-16 -9.21709e-17 0.00869343 5.23904e-15 8.83947e-19 5.73133e-19 -5.82089e-20 2.68666e-19 -1.41116e-19 -8.9022e-20 4.27641e-20 1.1622e-19 -5.25284e-20 -2.32826e-20 1.74883e-20 9.43038e-22 -0.0421824 -2.54314e-14 5.73133e-19 6.87609e-18 -6.91859e-19 8.06699e-19 -8.71174e-19 -7.63727e-19 4.74122e-19 6.92787e-19 -3.3178e-19 -1.47933e-19 1.16036e-19 5.37773e-21 0.0131895 7.98123e-15 -5.82089e-20 -6.91859e-19 1.63526e-19 -1.04154e-19 1.36219e-19 1.15393e-19 -8.37427e-20 -1.02136e-19 4.93546e-20 2.22834e-20 -1.72196e-20 -8.38034e-22 -0.00801093 -4.88287e-15 2.68666e-19 8.06699e-19 -1.04154e-19 2.21779e-19 -1.55788e-19 -1.02875e-19 5.2946e-20 1.17028e-19 -5.45553e-20 -2.43792e-20 1.82221e-20 1.05579e-21 0.015392 9.3341e-15 -1.41116e-19 -8.71174e-19 1.36219e-19 -1.55788e-19 1.67458e-19 1.3702e-19 -8.54296e-20 -1.27968e-19 6.15476e-20 2.75895e-20 -2.1275e-20 -1.03196e-21 0.00834785 5.06147e-15 -8.9022e-20 -7.63727e-19 1.15393e-19 -1.02875e-19 1.3702e-19 1.36704e-19 -9.09825e-20 -1.12278e-19 5.45138e-20 2.44016e-20 -1.94015e-20 -8.00225e-22 -0.0072369 -4.39212e-15 4.27641e-20 4.74122e-19 -8.37427e-20 5.2946e-20 -8.54296e-20 -9.09825e-20 7.18305e-20 7.09917e-20 -3.45068e-20 -1.53656e-20 1.2393e-20 4.70203e-22 -0.00957514 -5.808e-15 1.1622e-19 6.92787e-19 -1.02136e-19 1.17028e-19 -1.27968e-19 -1.12278e-19 7.09917e-20 1.01608e-19 -4.86996e-20 -2.17188e-20 1.69806e-20 7.68433e-22 0.00487327 2.95709e-15 -5.25284e-20 -3.3178e-19 4.93546e-20 -5.45553e-20 6.15476e-20 5.45138e-20 -3.45068e-20 -4.86996e-20 2.35746e-20 1.05338e-20 -8.18971e-21 -3.61564e-22 0.00227415 1.37972e-15 -2.32826e-20 -1.47933e-19 2.22834e-20 -2.43792e-20 2.75895e-20 2.44016e-20 -1.53656e-20 -2.17188e-20 1.05338e-20 4.74934e-21 -3.69559e-21 -1.60011e-22 -0.00129426 -7.81662e-16 1.74883e-20 1.16036e-19 -1.72196e-20 1.82221e-20 -2.1275e-20 -1.94015e-20 1.2393e-20 1.69806e-20 -8.18971e-21 -3.69559e-21 3.15463e-21 7.5778e-23 -0.000151339 -9.21709e-17 9.43038e-22 5.37773e-21 -8.38034e-22 1.05579e-21 -1.03196e-21 -8.00225e-22 4.70203e-22 7.68433e-22 -3.61564e-22 -1.60011e-22 7.5778e-23 2.73603e-23
2.38944e+31 -86140.2 -94121.9 12536.2 12987.8 -8328.78 -112.284 -18328.8 330.963 -11305 13459.6 1137.72 -87.6612 -1381.43 -86140.2 6.81231e-18 -2.38984e-18 5.61834e-19 1.20748e-19 -9.1085e-20 2.33735e-20 -7.74517e-20 -1.79426e-20 -5.32363e-20 9.1429e-20 -5.3662e-21 1.24144e-21 4.6673e-21 -94121.9 -2.38984e-18 3.04061e-18 -6.00812e-20 -1.29793e-19 9.66535e-20 -2.1527e-20 6.17572e-20 8.9939e-21 3.32823e-20 -6.30072e-20 4.08764e-21 -1.17886e-21 -6.30222e-21 12536.2 5.61834e-19 -6.00812e-20 2.17969e-19 7.87538e-20 -3.63378e-20 8.00954e-21 -3.20021e-20 -5.50758e-21 -1.998e-20 3.48392e-20 -1.52952e-21 3.75634e-22 2.41814e-21 12987.8 1.20748e-19 -1.29793e-19 7.87538e-20 1.10449e-19 -2.56138e-20 6.62358e-21 -1.9333e-20 -3.88626e-21 -1.42119e-20 2.4838e-20 -9.64489e-22 2.11654e-22 1.66526e-21 -8328.78 -9.1085e-20 9.66535e-20 -3.63378e-20 -2.56138e-20 2.68653e-20 -5.34743e-21 1.50601e-20 1.98111e-21 8.4345e-21 -1.65307e-20 1.04469e-21 -2.84126e-22 -1.79119e-21 -112.284 2.33735e-20 -2.1527e-20 8.00954e-21 6.62358e-21 -5.34743e-21 2.05484e-21 -3.39637e-21 -1.10153e-21 -2.21995e-21 4.29636e-21 -2.97941e-22 7.78775e-23 4.81129e-22 -18328.8 -7.74517e-20 6.17572e-20 -3.20021e-20 -1.9333e-20 1.50601e-20 -3.39637e-21 1.28854e-20 1.59661e-21 7.12959e-21 -1.26549e-20 5.49075e-22 -1.45884e-22 -1.01748e-21 330.963 -1.79426e-20 8.9939e-21 -5.50758e-21 -3.88626e-21 1.98111e-21 -1.10153e-21 1.59661e-21 1.26287e-21 1.59775e-21 -2.4083e-21 1.50409e-22 -3.40486e-23 -1.06721e-22 -11305 -5.32363e-20 3.32823e-20 -1.998e-20 -1.42119e-20 8.4345e-21 -2.21995e-21 7.12959e-21 1.59775e-21 5.07172e-21 -8.43853e-21 3.41758e-22 -9.00857e-23 -4.45412e-22 13459.6 9.1429e-20 -6.30072e-20 3.48392e-20 2.4838e-20 -1.65307e-20 4.29636e-21 -1.26549e-20 -2.4083e-21 -8.43853e-21 1.54246e-20 -8.43003e-22 2.13164e-22 1.23718e-21 1137.72 -5.3662e-21 4.08764e-21 -1.52952e-21 -9.64489e-22 1.04469e-21 -2.97941e-22 5.49075e-22 1.50409e-22 3.41758e-22 -8.43003e-22 1.71935e-22 -4.85259e-23 -9.31025e-23 -87.6612 1.24144e-21 -1.17886e-21 3.75634e-22 2.11654e-22 -2.84126e-22 7.78775e-23 -1.45884e-22 -3.40486e-23 -9.00857e-23 2.13164e-22 -4.85259e-23 2.97244e-23 4.35668e-23 -1381.43 4.6673e-21 -6.30222e-21 2.41814e-21 1.66526e-21 -1.79119e-21 4.81129e-22 -1.01748e-21 -1.06721e-22 -4.45412e-22 1.23718e-21 -9.31025e-23 4.35668e-23 3.55214e-22
3.07293e+32 -339214 412768 179282 323065 59336.6 -7962.85 36481.7 -127319 273.371 3707.19 169.769 -529.834 -207.798 -339214 1.95947e-19 -1.00825e-21 6.2755e-20 -2.89796e-20 -2.16809e-20 -5.66876e-21 -3.29637e-21 4.4219e-20 1.09078e-24 1.69061e-23 -4.60198e-23 1.87879e-23 -3.38735e-22 412768 -1.00825e-21 2.1223e-18 -1.27395e-18 -5.09903e-19 3.72333e-19 -7.34264e-21 3.83806e-21 -8.52069e-20 5.9892e-22 -2.53537e-21 -1.91326e-22 3.12726e-23 -4.28682e-22 179282 6.2755e-20 -1.27395e-18 1.16756e-18 4.47965e-19 -2.86237e-19 5.2825e-21 1.14852e-21 6.0307e-20 -5.28131e-22 2.2884e-21 2.12295e-22 -3.19674e-23 5.91442e-22 323065 -2.89796e-20 -5.09903e-19 4.47965e-19 3.04135e-19 -1.71532e-19 7.80925e-22 2.38518e-21 2.70378e-20 -2.42577e-22 1.02713e-21 9.45881e-23 2.49643e-23 1.22239e-22 59336.6 -2.16809e-20 3.72333e-19 -2.86237e-19 -1.71532e-19 1.36282e-19 -7.33398e-22 9.57734e-22 -4.03983e-20 2.17673e-22 -8.52256e-22 -4.13882e-23 -1.11841e-23 3.92321e-23 -7962.85 -5.66876e-21 -7.34264e-21 5.2825e-21 7.80925e-22 -7.33398e-22 1.51533e-21 1.3732e-22 -3.58363e-21 -1.43136e-23 -2.27263e-23 2.29648e-23 1.49822e-24 8.5727e-23 36481.7 -3.29637e-21 3.83806e-21 1.14852e-21 2.38518e-21 9.57734e-22 1.3732e-22 1.86824e-21 -4.09932e-21 -3.97939e-23 1.4597e-22 -2.16633e-23 -9.01023e-24 -7.0455e-23 -127319 4.4219e-20 -8.52069e-20 6.0307e-20 2.70378e-20 -4.03983e-20 -3.58363e-21 -4.09932e-21 4.04265e-20 -3.75159e-23 2.09085e-22 3.94789e-24 5.34222e-23 -2.46366e-22 273.371 1.09078e-24 5.9892e-22 -5.28131e-22 -2.42577e-22 2.17673e-22 -1.43136e-23 -3.97939e-23 -3.75159e-23 2.05392e-23 -4.42801e-23 4.6573e-24 2.11847e-24 -5.85689e-24 3707.19 1.69061e-23 -2.53537e-21 2.2884e-21 1.02713e-21 -8.52256e-22 -2.27263e-23 1.4597e-22 2.09085e-22 -4.42801e-23 2.29605e-22 6.02208e-25 -2.87091e-23 4.63413e-23 169.769 -4.60198e-23 -1.91326e-22 2.12295e-22 9.45881e-23 -4.13882e-23 2.29648e-23 -2.16633e-23 3.94789e-24 4.6573e-24 6.02208e-25 1.48039e-23 4.93649e-24 2.16428e-23 -529.834 1.87879e-23 3.12726e-23 -3.19674e-23 2.49643e-23 -1.11841e-23 1.49822e-24 -9.01023e-24 5.34222e-23 2.11847e-24 -2.87091e-23 4.93649e-24 1.46155e-23 -5.41038e-24 -207.798 -3.38735e-22 -4.28682e-22 5.91442e-22 1.22239e-22 3.92321e-23 8.5727e-23 -7.0455e-23 -2.46366e-22 -5.85689e-24 4.63413e-23 2.16428e-23 -5.41038e-24 8.42127e-23
5.08613e+32 2.26744e+09 57974.5 75932.3 121945 160226 16747.3 3183.24 -39762.8 21250.9 -34350.5 70432.7 -45873.1 -2536.2 2.26744e+09 4.04342e-11 -6.60645e-15 -5.46408e-15 -5.41354e-16 -7.59793e-16 2.2351e-16 -6.20408e-17 1.8518e-16 -9.78475e-18 4.21457e-17 -4.46823e-17 6.17479e-18 1.83506e-18 57974.5 -6.60645e-15 5.49864e-15 4.91934e-15 4.06974e-16 5.72621e-16 -2.92854e-16 2.69993e-17 -1.05957e-16 4.89883e-18 -1.838e-17 1.93449e-17 3.00893e-19 -2.00207e-19 75932.3 -5.46408e-15 4.91934e-15 4.40559e-15 3.63022e-16 5.10721e-16 -2.61342e-16 2.39625e-17 -9.44079e-17 4.37938e-18 -1.63999e-17 1.72785e-17 2.42713e-19 -1.78197e-19 121945 -5.41354e-16 4.06974e-16 3.63022e-16 3.10028e-17 4.36515e-17 -2.22605e-17 2.10238e-18 -8.11213e-18 3.72264e-19 -1.39928e-18 1.4701e-18 2.61022e-20 -1.56479e-20 160226 -7.59793e-16 5.72621e-16 5.10721e-16 4.36515e-17 6.14819e-17 -3.13694e-17 2.966e-18 -1.14279e-17 5.2179e-19 -1.96669e-18 2.06298e-18 3.98515e-20 -2.20002e-20 16747.3 2.2351e-16 -2.92854e-16 -2.61342e-16 -2.22605e-17 -3.13694e-17 1.61552e-17 -1.48334e-18 5.79539e-18 -2.58959e-19 9.87389e-19 -1.0262e-18 -3.09964e-20 1.08951e-20 3183.24 -6.20408e-17 2.69993e-17 2.39625e-17 2.10238e-18 2.966e-18 -1.48334e-18 1.60476e-19 -5.64634e-19 2.51009e-20 -9.61048e-20 1.00696e-19 2.91085e-21 -1.17481e-21 -39762.8 1.8518e-16 -1.05957e-16 -9.44079e-17 -8.11213e-18 -1.14279e-17 5.79539e-18 -5.64634e-19 2.14194e-18 -9.73402e-20 3.67881e-19 -3.86277e-19 -6.19233e-21 4.31045e-21 21250.9 -9.78475e-18 4.89883e-18 4.37938e-18 3.72264e-19 5.2179e-19 -2.58959e-19 2.51009e-20 -9.73402e-20 5.49545e-21 -1.80433e-20 2.00485e-20 -1.02024e-21 -1.38625e-22 -34350.5 4.21457e-17 -1.838e-17 -1.63999e-17 -1.39928e-18 -1.96669e-18 9.87389e-19 -9.61048e-20 3.67881e-19 -1.80433e-20 6.69054e-20 -7.08889e-20 -5.15419e-23 8.23906e-22 70432.7 -4.46823e-17 1.93449e-17 1.72785e-17 1.4701e-18 2.06298e-18 -1.0262e-18 1.00696e-19 -3.86277e-19 2.00485e-20 -7.08889e-20 7.7978e-20 -2.81995e-21 -7.59159e-22 -45873.1 6.17479e-18 3.00893e-19 2.42713e-19 2.61022e-20 3.98515e-20 -3.09964e-20 2.91085e-21 -6.19233e-21 -1.02024e-21 -5.15419e-23 -2.81995e-21 3.79647e-21 -3.40403e-23 -2536.2 1.83506e-18 -2.00207e-19 -1.78197e-19 -1.56479e-20 -2.20002e-20 1.08951e-20 -1.17481e-21 4.31045e-21 -1.38625e-22 8.23906e-22 -7.59159e-22 -3.40403e-23 8.89188e-23
