5.08069e+14 1.90041 0.219245 -0.00830208 0.00295924 0.00166512 0.00320915 -0.000404709 -0.00021512 0.000323916 -5.69577e-06 -1.35599e-05 2.95504e-06 -2.35336e-06 1.90041 5.13946e-11 1.42727e-11 -5.42838e-13 1.92546e-13 1.09128e-13 2.09378e-13 -2.91005e-14 -1.41094e-14 2.06476e-14 -1.28413e-15 4.87721e-16 -1.47621e-16 -1.43315e-16 0.219245 1.42727e-11 3.06622e-11 -1.16649e-12 4.13797e-13 2.34465e-13 4.49964e-13 -6.25286e-14 -3.03299e-14 4.43732e-14 -2.77326e-15 1.04237e-15 -3.26762e-16 -2.99576e-16 -0.00830208 -5.42838e-13 -1.16649e-12 4.43769e-14 -1.57422e-14 -8.91982e-15 -1.7118e-14 2.37878e-15 1.15384e-15 -1.6881e-15 1.05503e-16 -3.96557e-17 1.24306e-17 1.13971e-17 0.00295924 1.92546e-13 4.13797e-13 -1.57422e-14 5.5844e-15 3.1642e-15 6.07247e-15 -8.43849e-16 -4.09315e-16 5.98835e-16 -3.7428e-17 1.40678e-17 -4.41056e-18 -4.04251e-18 0.00166512 1.09128e-13 2.34465e-13 -8.91982e-15 3.1642e-15 1.79292e-15 3.44075e-15 -4.78143e-16 -2.31924e-16 3.39309e-16 -2.12064e-17 7.97026e-18 -2.49871e-18 -2.29056e-18 0.00320915 2.09378e-13 4.49964e-13 -1.7118e-14 6.07247e-15 3.44075e-15 6.60321e-15 -9.17603e-16 -4.4509e-16 6.51176e-16 -4.06976e-17 1.52964e-17 -4.79547e-18 -4.39597e-18 -0.000404709 -2.91005e-14 -6.25286e-14 2.37878e-15 -8.43849e-16 -4.78143e-16 -9.17603e-16 1.27515e-16 6.18511e-17 -9.04888e-17 5.65569e-18 -2.12551e-18 6.66482e-19 6.10751e-19 -0.00021512 -1.41094e-14 -3.03299e-14 1.15384e-15 -4.09315e-16 -2.31924e-16 -4.4509e-16 6.18511e-17 3.00017e-17 -4.3893e-17 2.7432e-18 -1.031e-18 3.23259e-19 2.96271e-19 0.000323916 2.06476e-14 4.43732e-14 -1.6881e-15 5.98835e-16 3.39309e-16 6.51176e-16 -9.04888e-17 -4.3893e-17 6.42174e-17 -4.01259e-18 1.50825e-18 -4.7259e-19 -4.33658e-19 -5.69577e-06 -1.28413e-15 -2.77326e-15 1.05503e-16 -3.7428e-17 -2.12064e-17 -4.06976e-17 5.65569e-18 2.7432e-18 -4.01259e-18 2.51584e-19 -9.46247e-20 2.98523e-20 2.69547e-20 -1.35599e-05 4.87721e-16 1.04237e-15 -3.96557e-17 1.40678e-17 7.97026e-18 1.52964e-17 -2.12551e-18 -1.031e-18 1.50825e-18 -9.46247e-20 3.61702e-20 -1.11723e-20 -1.02507e-20 2.95504e-06 -1.47621e-16 -3.26762e-16 1.24306e-17 -4.41056e-18 -2.49871e-18 -4.79547e-18 6.66482e-19 3.23259e-19 -4.7259e-19 2.98523e-20 -1.11723e-20 3.63942e-21 3.11942e-21 -2.35336e-06 -1.43315e-16 -2.99576e-16 1.13971e-17 -4.04251e-18 -2.29056e-18 -4.39597e-18 6.10751e-19 2.96271e-19 -4.33658e-19 2.69547e-20 -1.02507e-20 3.11942e-21 3.05596e-21
1.64179e+32 8.60983e+06 -9.33784e+06 -4.0892e+06 422384 -309832 -250865 -49319.1 -5136.39 -2851.68 -342.284 4826.33 5231.85 3250.9 8.60983e+06 1.06491e-13 -9.8075e-14 -4.4945e-14 3.37011e-15 -3.55291e-15 -3.43265e-15 3.19057e-16 -1.07318e-17 -3.75675e-18 -3.16904e-18 9.42478e-18 1.43029e-17 -1.16788e-18 -9.33784e+06 -9.8075e-14 9.04879e-14 4.14041e-14 -3.12178e-15 3.28595e-15 3.16875e-15 -2.93042e-16 9.56876e-18 3.3523e-18 2.86118e-18 -8.47048e-18 -1.29062e-17 1.10358e-18 -4.0892e+06 -4.4945e-14 4.14041e-14 1.89709e-14 -1.42356e-15 1.50057e-15 1.4494e-15 -1.34641e-16 4.50867e-18 1.57823e-18 1.33397e-18 -3.9651e-18 -6.01969e-18 4.94345e-19 422384 3.37011e-15 -3.12178e-15 -1.42356e-15 1.09473e-16 -1.14556e-16 -1.0977e-16 9.95456e-18 -2.8938e-19 -1.01585e-19 -9.08413e-20 2.64458e-19 4.10251e-19 -4.1225e-20 -309832 -3.55291e-15 3.28595e-15 1.50057e-15 -1.14556e-16 1.20211e-16 1.15469e-16 -1.05544e-17 3.24318e-19 1.13779e-19 1.00212e-19 -2.93452e-19 -4.51408e-19 4.28261e-20 -250865 -3.43265e-15 3.16875e-15 1.4494e-15 -1.0977e-16 1.15469e-16 1.11335e-16 -1.02683e-17 3.26894e-19 1.146e-19 9.83433e-20 -2.91105e-19 -4.45489e-19 3.84973e-20 -49319.1 3.19057e-16 -2.93042e-16 -1.34641e-16 9.95456e-18 -1.05544e-17 -1.02683e-17 9.92906e-19 -3.6043e-20 -1.25042e-20 -1.00811e-20 3.05784e-20 4.49209e-20 -2.80225e-21 -5136.39 -1.07318e-17 9.56876e-18 4.50867e-18 -2.8938e-19 3.24318e-19 3.26894e-19 -3.6043e-20 3.73458e-21 1.24802e-21 8.92471e-22 -2.81986e-21 -3.55736e-21 -1.05316e-23 -2851.68 -3.75675e-18 3.3523e-18 1.57823e-18 -1.01585e-19 1.13779e-19 1.146e-19 -1.25042e-20 1.24802e-21 4.84535e-22 3.3019e-22 -9.94862e-22 -1.2368e-21 7.45659e-24 -342.284 -3.16904e-18 2.86118e-18 1.33397e-18 -9.08413e-20 1.00212e-19 9.83433e-20 -1.00811e-20 8.92471e-22 3.3019e-22 3.19859e-22 -8.40464e-22 -1.0449e-21 1.21496e-22 4826.33 9.42478e-18 -8.47048e-18 -3.9651e-18 2.64458e-19 -2.93452e-19 -2.91105e-19 3.05784e-20 -2.81986e-21 -9.94862e-22 -8.40464e-22 2.46532e-21 3.16415e-21 -1.78106e-22 5231.85 1.43029e-17 -1.29062e-17 -6.01969e-18 4.10251e-19 -4.51408e-19 -4.45489e-19 4.49209e-20 -3.55736e-21 -1.2368e-21 -1.0449e-21 3.16415e-21 4.98839e-21 -3.90904e-22 3250.9 -1.16788e-18 1.10358e-18 4.94345e-19 -4.1225e-20 4.28261e-20 3.84973e-20 -2.80225e-21 -1.05316e-23 7.45659e-24 1.21496e-22 -1.78106e-22 -3.90904e-22 2.3019e-22
8.37224e+31 -3.88581e+06 4.20164e+06 -1.71026e+06 -83047.9 -1196.58 74391.8 -66206 -34177.7 -59666.5 -38269.8 46202.5 -38844.8 -1711.54 -3.88581e+06 4.31881e-16 -5.69471e-16 2.5319e-16 1.37422e-16 3.47549e-17 -6.17751e-17 2.33536e-17 4.27939e-18 7.17986e-18 4.39752e-18 -4.9117e-18 3.99431e-18 1.90654e-19 4.20164e+06 -5.69471e-16 1.10255e-15 -4.63312e-16 -3.73805e-16 -9.59076e-17 1.66306e-16 -5.83779e-17 -1.12626e-17 -1.77382e-17 -1.04401e-17 1.15087e-17 -9.56464e-18 -4.24673e-19 -1.71026e+06 2.5319e-16 -4.63312e-16 2.03992e-16 1.53963e-16 3.95286e-17 -6.84998e-17 2.3993e-17 4.65167e-18 7.26023e-18 4.28613e-18 -4.72239e-18 3.92511e-18 1.73332e-19 -83047.9 1.37422e-16 -3.73805e-16 1.53963e-16 1.57482e-16 4.05838e-17 -6.97157e-17 2.37807e-17 4.67341e-18 7.15555e-18 4.14537e-18 -4.53582e-18 3.80735e-18 1.64836e-19 -1196.58 3.47549e-17 -9.59076e-17 3.95286e-17 4.05838e-17 1.05096e-17 -1.80088e-17 6.08047e-18 1.21651e-18 1.83744e-18 1.06558e-18 -1.16518e-18 9.79891e-19 4.17885e-20 74391.8 -6.17751e-17 1.66306e-16 -6.84998e-17 -6.97157e-17 -1.80088e-17 3.09343e-17 -1.05253e-17 -2.08364e-18 -3.17629e-18 -1.84386e-18 2.01865e-18 -1.6945e-18 -7.28735e-20 -66206 2.33536e-17 -5.83779e-17 2.3993e-17 2.37807e-17 6.08047e-18 -1.05253e-17 3.70068e-18 6.99585e-19 1.10872e-18 6.4533e-19 -7.07998e-19 5.90293e-19 2.68535e-20 -34177.7 4.27939e-18 -1.12626e-17 4.65167e-18 4.67341e-18 1.21651e-18 -2.08364e-18 6.99585e-19 1.47797e-19 2.16961e-19 1.28848e-19 -1.41611e-19 1.18806e-19 4.82061e-21 -59666.5 7.17986e-18 -1.77382e-17 7.26023e-18 7.15555e-18 1.83744e-18 -3.17629e-18 1.10872e-18 2.16961e-19 3.40205e-19 1.9933e-19 -2.19208e-19 1.82775e-19 8.1045e-21 -38269.8 4.39752e-18 -1.04401e-17 4.28613e-18 4.14537e-18 1.06558e-18 -1.84386e-18 6.4533e-19 1.28848e-19 1.9933e-19 1.1979e-19 -1.31707e-19 1.09353e-19 4.96375e-21 46202.5 -4.9117e-18 1.15087e-17 -4.72239e-18 -4.53582e-18 -1.16518e-18 2.01865e-18 -7.07998e-19 -1.41611e-19 -2.19208e-19 -1.31707e-19 1.45376e-19 -1.20574e-19 -5.3748e-21 -38844.8 3.99431e-18 -9.56464e-18 3.92511e-18 3.80735e-18 9.79891e-19 -1.6945e-18 5.90293e-19 1.18806e-19 1.82775e-19 1.09353e-19 -1.20574e-19 1.00333e-19 4.39753e-21 -1711.54 1.90654e-19 -4.24673e-19 1.73332e-19 1.64836e-19 4.17885e-20 -7.28735e-20 2.68535e-20 4.82061e-21 8.1045e-21 4.96375e-21 -5.3748e-21 4.39753e-21 3.06892e-22
1.96511e+35 1.44393e+10 5.77097e+10 -5.62148e+06 -9.19663e+06 -2.97309e+06 -141228 -3.30417e+06 382969 979920 -612800 626870 1.30915e+06 7381.99 1.44393e+10 1.01457e-11 -6.73101e-13 -2.40292e-17 -4.76843e-17 -1.7785e-17 -8.32553e-19 -2.00155e-17 4.64067e-18 4.28419e-18 -4.00885e-18 4.82348e-18 8.90704e-18 -2.31284e-19 5.77097e+10 -6.73101e-13 7.16461e-11 1.67994e-16 2.07373e-16 7.18371e-17 1.37364e-17 2.71401e-17 -1.23178e-17 -7.92256e-18 1.33839e-17 -1.2671e-17 -4.74662e-18 -1.20575e-18 -5.62148e+06 -2.40292e-17 1.67994e-16 4.27929e-19 5.35997e-19 1.83601e-19 2.74943e-20 1.4854e-19 -3.02056e-20 -5.64712e-20 4.60261e-20 -4.7985e-20 -4.99271e-20 1.0802e-21 -9.19663e+06 -4.76843e-17 2.07373e-16 5.35997e-19 1.50573e-18 4.91018e-19 8.999e-20 3.75412e-19 -7.20069e-20 -1.47181e-19 1.12232e-19 -1.18836e-19 -1.36236e-19 2.38499e-21 -2.97309e+06 -1.7785e-17 7.18371e-17 1.83601e-19 4.91018e-19 1.61051e-19 2.89772e-20 1.23877e-19 -2.38166e-20 -4.84059e-20 3.7142e-20 -3.92726e-20 -4.45428e-20 7.97175e-22 -141228 -8.32553e-19 1.37364e-17 2.74943e-20 8.999e-20 2.89772e-20 7.32175e-21 1.87659e-20 -3.71355e-21 -8.19051e-21 6.11833e-21 -6.42041e-21 -7.15807e-21 1.64569e-22 -3.30417e+06 -2.00155e-17 2.71401e-17 1.4854e-19 3.75412e-19 1.23877e-19 1.87659e-20 1.07616e-19 -1.94863e-20 -4.08716e-20 3.10821e-20 -3.30816e-20 -3.93305e-20 6.45154e-22 382969 4.64067e-18 -1.23178e-17 -3.02056e-20 -7.20069e-20 -2.38166e-20 -3.71355e-21 -1.94863e-20 4.07879e-21 7.12908e-21 -5.75286e-21 6.1789e-21 7.14647e-21 -9.55459e-23 979920 4.28419e-18 -7.92256e-18 -5.64712e-20 -1.47181e-19 -4.84059e-20 -8.19051e-21 -4.08716e-20 7.12908e-21 1.64997e-20 -1.22195e-20 1.28678e-20 1.48019e-20 -3.18585e-22 -612800 -4.00885e-18 1.33839e-17 4.60261e-20 1.12232e-19 3.7142e-20 6.11833e-21 3.10821e-20 -5.75286e-21 -1.22195e-20 9.47213e-21 -9.9265e-21 -1.10979e-20 2.07432e-22 626870 4.82348e-18 -1.2671e-17 -4.7985e-20 -1.18836e-19 -3.92726e-20 -6.42041e-21 -3.30816e-20 6.1789e-21 1.28678e-20 -9.9265e-21 1.05832e-20 1.20291e-20 -2.055e-22 1.30915e+06 8.90704e-18 -4.74662e-18 -4.99271e-20 -1.36236e-19 -4.45428e-20 -7.15807e-21 -3.93305e-20 7.14647e-21 1.48019e-20 -1.10979e-20 1.20291e-20 1.52982e-20 -1.81628e-22 7381.99 -2.31284e-19 -1.20575e-18 1.0802e-21 2.38499e-21 7.97175e-22 1.64569e-22 6.45154e-22 -9.55459e-23 -3.18585e-22 2.07432e-22 -2.055e-22 -1.81628e-22 2.90614e-23
959.016 9.39742e-09 1.22037e-10 -1.48666e-10 1.97386e-10 -3.8754e-11 3.57963e-11 -5.80329e-11 -1.15477e-12 -2.33766e-12 -8.69526e-12 -1.42033e-12 -5.71701e-12 6.21421e-12 9.39742e-09 3.29386e-16 2.22083e-17 -6.59673e-18 -2.29707e-18 -2.24212e-19 -8.61842e-19 1.80018e-18 3.46639e-22 -4.96206e-20 3.75969e-20 -4.77857e-21 -1.67327e-20 2.95458e-21 1.22037e-10 2.22083e-17 4.29189e-18 -1.01348e-18 -3.55655e-19 -2.06968e-20 -1.24277e-19 2.49018e-19 -2.06714e-22 -6.01437e-21 4.74772e-21 -2.72172e-22 2.18646e-21 -2.96294e-23 -1.48666e-10 -6.59673e-18 -1.01348e-18 7.62641e-19 2.49518e-19 2.00502e-20 9.32588e-20 -1.86627e-19 2.64269e-22 4.75875e-21 -2.84571e-21 1.00394e-22 8.2167e-22 -7.17155e-23 1.97386e-10 -2.29707e-18 -3.55655e-19 2.49518e-19 1.75873e-19 1.5426e-20 3.9354e-20 -9.07994e-20 -2.15881e-22 9.18511e-22 -8.36779e-22 -1.61422e-23 3.80026e-23 1.40316e-22 -3.8754e-11 -2.24212e-19 -2.06968e-20 2.00502e-20 1.5426e-20 5.20047e-21 1.68879e-21 -6.50908e-21 -2.29003e-23 -1.90606e-22 3.66032e-22 -4.52133e-23 3.39916e-22 2.30113e-23 3.57963e-11 -8.61842e-19 -1.24277e-19 9.32588e-20 3.9354e-20 1.68879e-21 1.50163e-20 -2.79228e-20 8.89885e-23 9.60354e-22 -5.34619e-22 3.20319e-24 -1.1936e-22 2.07411e-24 -5.80329e-11 1.80018e-18 2.49018e-19 -1.86627e-19 -9.07994e-20 -6.50908e-21 -2.79228e-20 6.12958e-20 1.55013e-22 -1.08957e-21 1.18791e-21 -7.91581e-23 4.93708e-23 -1.10332e-23 -1.15477e-12 3.46639e-22 -2.06714e-22 2.64269e-22 -2.15881e-22 -2.29003e-23 8.89885e-23 1.55013e-22 3.50656e-23 4.71261e-23 1.9868e-23 -1.14368e-23 8.26421e-25 -4.60151e-24 -2.33766e-12 -4.96206e-20 -6.01437e-21 4.75875e-21 9.18511e-22 -1.90606e-22 9.60354e-22 -1.08957e-21 4.71261e-23 4.02927e-22 -1.74005e-22 1.3785e-23 5.45388e-23 -1.98619e-23 -8.69526e-12 3.75969e-20 4.74772e-21 -2.84571e-21 -8.36779e-22 3.66032e-22 -5.34619e-22 1.18791e-21 1.9868e-23 -1.74005e-22 2.66759e-22 -3.51861e-23 1.26969e-22 9.71575e-24 -1.42033e-12 -4.77857e-21 -2.72172e-22 1.00394e-22 -1.61422e-23 -4.52133e-23 3.20319e-24 -7.91581e-23 -1.14368e-23 1.3785e-23 -3.51861e-23 2.98229e-23 -1.92656e-23 -1.41663e-23 -5.71701e-12 -1.67327e-20 2.18646e-21 8.2167e-22 3.80026e-23 3.39916e-22 -1.1936e-22 4.93708e-23 8.26421e-25 5.45388e-23 1.26969e-22 -1.92656e-23 5.73393e-22 -1.80572e-23 6.21421e-12 2.95458e-21 -2.96294e-23 -7.17155e-23 1.40316e-22 2.30113e-23 2.07411e-24 -1.10332e-23 -4.60151e-24 -1.98619e-23 9.71575e-24 -1.41663e-23 -1.80572e-23 1.83881e-23
27.5989 3.27297e-08 -1.72468e-07 1.99343e-08 -2.59461e-08 -1.85908e-11 -8.23304e-10 -1.80595e-12 7.84987e-11 9.28634e-13 1.76971e-09 -1.58178e-13 9.4391e-12 2.71234e-13 5.23974e-10 1.27763e-13 -2.23919e-10 4.05781e-14 2.2913e-11 2.64943e-14 2.27241e-11 2.68748e-15 -1.40074e-12 1.49224e-14 -9.56197e-12 -5.10866e-15 -9.50115e-14 9.99879e-15 -1.72468e-07 1.99343e-08 5.00041e-11 1.31531e-08 1.27101e-13 -1.20239e-11 3.87941e-15 -1.16309e-12 -4.11129e-16 6.009e-13 -8.6527e-15 -1.03187e-13 -1.4017e-16 1.78347e-13 -2.52701e-15 8.40041e-14 1.07222e-15 2.60421e-14 -1.14315e-16 1.70756e-14 -9.72862e-17 1.73192e-15 1.18962e-17 9.49633e-15 5.54341e-17 -3.15983e-15 -2.18729e-18 6.39452e-15 -2.59461e-08 -1.85908e-11 1.27101e-13 -1.20239e-11 5.35742e-14 1.17625e-14 1.5274e-15 1.12964e-15 -1.67505e-16 -5.8832e-16 -3.70271e-15 1.01717e-16 -5.28889e-17 -1.75546e-16 -1.06821e-15 -8.22888e-17 4.54553e-16 -2.54193e-17 -4.8783e-17 -1.63818e-17 -4.11116e-17 -1.67038e-18 6.84214e-18 -9.37018e-18 2.53426e-17 2.8672e-18 -1.14456e-19 -6.42211e-18 -8.23304e-10 -1.80595e-12 3.87941e-15 -1.16309e-12 1.5274e-15 1.12964e-15 4.42831e-17 1.08668e-16 -4.8523e-18 -5.6511e-17 -1.05383e-16 9.75198e-18 -1.57002e-18 -1.68232e-17 -3.04791e-17 -7.89124e-18 1.29642e-17 -2.44432e-18 -1.38989e-18 -1.57865e-18 -1.17209e-18 -1.60769e-19 1.89224e-19 -9.00584e-19 7.14936e-19 2.79813e-19 -4.32954e-21 -6.15426e-19 7.84987e-11 9.28634e-13 -4.11129e-16 6.009e-13 -1.67505e-16 -5.8832e-16 -4.8523e-18 -5.6511e-17 5.35848e-19 2.94398e-17 1.15587e-17 -5.08908e-18 1.7668e-19 8.78277e-18 3.3432e-18 4.11693e-18 -1.42195e-18 1.27199e-18 1.52646e-19 8.19616e-19 1.28052e-19 8.35415e-20 -2.09283e-20 4.69011e-19 -7.87163e-20 -1.43382e-19 4.10294e-22 3.21512e-19 1.76971e-09 -1.58178e-13 -8.6527e-15 -1.03187e-13 -3.70271e-15 1.01717e-16 -1.05383e-16 9.75198e-18 1.15587e-17 -5.08908e-18 2.55987e-16 8.82551e-19 3.64069e-18 -1.52509e-18 7.38294e-17 -7.14239e-19 -3.14181e-17 -2.1946e-19 3.3724e-18 -1.41153e-19 2.8413e-18 -1.44111e-20 -4.74767e-19 -8.08388e-20 -1.75414e-18 2.42791e-20 7.53495e-21 -5.5594e-20 9.4391e-12 2.71234e-13 -1.4017e-16 1.78347e-13 -5.28889e-17 -1.75546e-16 -1.57002e-18 -1.68232e-17 1.7668e-19 8.78277e-18 3.64069e-18 -1.52509e-18 6.49736e-20 2.64415e-18 1.05724e-18 1.23787e-18 -4.49053e-19 3.77663e-19 4.83666e-20 2.43643e-19 3.96987e-20 2.48392e-20 -6.43091e-21 1.3884e-19 -2.4732e-20 -4.21342e-20 1.39979e-22 9.53307e-20 5.23974e-10 1.27763e-13 -2.52701e-15 8.40041e-14 -1.06821e-15 -8.22888e-17 -3.04791e-17 -7.89124e-18 3.3432e-18 4.11693e-18 7.38294e-17 -7.14239e-19 1.05724e-18 1.23787e-18 2.13035e-17 5.79916e-19 -9.06483e-18 1.77154e-19 9.72771e-19 1.14399e-19 8.19899e-19 1.16572e-20 -1.36049e-19 6.51093e-20 -5.04915e-19 -1.98784e-20 2.41159e-21 4.46508e-20 -2.23919e-10 4.05781e-14 1.07222e-15 2.60421e-14 4.54553e-16 -2.54193e-17 1.29642e-17 -2.44432e-18 -1.42195e-18 1.27199e-18 -3.14181e-17 -2.1946e-19 -4.49053e-19 3.77663e-19 -9.06483e-18 1.77154e-19 3.85736e-18 5.51229e-20 -4.13974e-19 3.54716e-20 -3.48851e-19 3.61879e-21 5.79863e-20 2.03479e-20 2.14987e-19 -6.2191e-21 -9.9186e-22 1.39462e-20 2.2913e-11 2.64943e-14 -1.14315e-16 1.70756e-14 -4.8783e-17 -1.63818e-17 -1.38989e-18 -1.57865e-18 1.52646e-19 8.19616e-19 3.3724e-18 -1.41153e-19 4.83666e-20 2.43643e-19 9.72771e-19 1.14399e-19 -4.13974e-19 3.54716e-20 4.4536e-20 2.30054e-20 3.72302e-20 2.33837e-21 -6.29209e-21 1.3048e-20 -2.32037e-20 -4.14636e-21 8.45752e-23 8.87834e-21 2.27241e-11 2.68748e-15 -9.72862e-17 1.73192e-15 -4.11116e-17 -1.67038e-18 -1.17209e-18 -1.60769e-19 1.28052e-19 8.35415e-20 2.8413e-18 -1.44111e-20 3.96987e-20 2.48392e-20 8.19899e-19 1.16572e-20 -3.48851e-19 3.61879e-21 3.72302e-20 2.33837e-21 3.20972e-20 2.38606e-22 -5.16966e-21 1.33114e-21 -1.92498e-20 -4.14647e-22 1.27697e-22 9.09194e-22 -1.40074e-12 1.49224e-14 1.18962e-17 9.49633e-15 6.84214e-18 -9.37018e-18 1.89224e-19 -9.00584e-19 -2.09283e-20 4.69011e-19 -4.74767e-19 -8.08388e-20 -6.43091e-21 1.3884e-19 -1.36049e-19 6.51093e-20 5.79863e-20 2.03479e-20 -6.29209e-21 1.3048e-20 -5.16966e-21 1.33114e-21 1.04386e-21 7.54361e-21 3.44679e-21 -2.27926e-21 3.72011e-23 5.18272e-21 -9.56197e-12 -5.10866e-15 5.54341e-17 -3.15983e-15 2.53426e-17 2.8672e-18 7.14936e-19 2.79813e-19 -7.87163e-20 -1.43382e-19 -1.75414e-18 2.42791e-20 -2.4732e-20 -4.21342e-20 -5.04915e-19 -1.98784e-20 2.14987e-19 -6.2191e-21 -2.32037e-20 -4.14636e-21 -1.92498e-20 -4.14647e-22 3.44679e-21 -2.27926e-21 1.23421e-20 8.6171e-22 -1.82969e-23 -1.49694e-21 -9.50115e-14 9.99879e-15 -2.18729e-18 6.39452e-15 -1.14456e-19 -6.42211e-18 -4.32954e-21 -6.15426e-19 4.10294e-22 3.21512e-19 7.53495e-21 -5.5594e-20 1.39979e-22 9.53307e-20 2.41159e-21 4.46508e-20 -9.9186e-22 1.39462e-20 8.45752e-23 8.87834e-21 1.27697e-22 9.09194e-22 3.72011e-23 5.18272e-21 -1.82969e-23 -1.49694e-21 4.89114e-23 3.58902e-21
645882 -1.66372 -0.00226043 0.000373617 0.000292722 -0.000124643 9.03354e-06 -1.21929e-05 1.17171e-07 4.61016e-06 1.02706e-08 -2.03206e-08 1.16359e-10 3.45478e-09 -1.66372 4.28732e-06 5.7121e-09 -9.44127e-10 -7.39705e-10 3.14973e-10 -2.28276e-11 3.08116e-11 -2.96032e-13 -1.16498e-11 -2.59422e-14 5.13368e-14 -3.05067e-16 -8.71916e-15 -0.00226043 5.7121e-09 1.64266e-11 -2.71512e-12 -2.12728e-12 9.05789e-13 -6.56545e-14 8.86039e-14 -8.54017e-16 -3.35042e-14 -7.54968e-17 1.49302e-16 -1.49186e-19 -2.60137e-17 0.000373617 -9.44127e-10 -2.71512e-12 4.4879e-13 3.51617e-13 -1.49717e-13 1.0852e-14 -1.4645e-14 1.41154e-16 5.53781e-15 1.24753e-17 -2.46978e-17 2.34933e-20 4.30168e-18 0.000292722 -7.39705e-10 -2.12728e-12 3.51617e-13 2.75489e-13 -1.17302e-13 8.50243e-15 -1.14742e-14 1.10584e-16 4.33884e-15 9.77756e-18 -1.93529e-17 1.83147e-20 3.37148e-18 -0.000124643 3.14973e-10 9.05789e-13 -1.49717e-13 -1.17302e-13 4.99468e-14 -3.62031e-15 4.88576e-15 -4.70909e-17 -1.84748e-15 -4.16247e-18 8.23419e-18 -7.99593e-21 -1.43461e-18 9.03354e-06 -2.28276e-11 -6.56545e-14 1.0852e-14 8.50243e-15 -3.62031e-15 2.62419e-16 -3.54132e-16 3.41279e-18 1.33914e-16 3.01843e-19 -5.97579e-19 5.16108e-22 1.04129e-19 -1.21929e-05 3.08116e-11 8.86039e-14 -1.4645e-14 -1.14742e-14 4.88576e-15 -3.54132e-16 4.77977e-16 -4.61045e-18 -1.8072e-16 -4.06494e-19 8.02462e-19 -8.99111e-22 -1.39802e-19 1.17171e-07 -2.96032e-13 -8.54017e-16 1.41154e-16 1.10584e-16 -4.70909e-17 3.41279e-18 -4.61045e-18 4.65159e-20 1.74168e-18 4.0349e-21 -7.61516e-21 7.06835e-23 1.3086e-21 4.61016e-06 -1.16498e-11 -3.35042e-14 5.53781e-15 4.33884e-15 -1.84748e-15 1.33914e-16 -1.8072e-16 1.74168e-18 6.83396e-17 1.54066e-19 -3.04557e-19 2.96535e-22 5.30902e-20 1.02706e-08 -2.59422e-14 -7.54968e-17 1.24753e-17 9.77756e-18 -4.16247e-18 3.01843e-19 -4.06494e-19 4.0349e-21 1.54066e-19 6.53031e-22 -8.72776e-22 6.86754e-23 1.56771e-22 -2.03206e-08 5.13368e-14 1.49302e-16 -2.46978e-17 -1.93529e-17 8.23419e-18 -5.97579e-19 8.02462e-19 -7.61516e-21 -3.04557e-19 -8.72776e-22 1.78927e-21 -3.09952e-23 -3.06029e-22 1.16359e-10 -3.05067e-16 -1.49186e-19 2.34933e-20 1.83147e-20 -7.99593e-21 5.16108e-22 -8.99111e-22 7.06835e-23 2.96535e-22 6.86754e-23 -3.09952e-23 4.00091e-23 -5.26424e-24 3.45478e-09 -8.71916e-15 -2.60137e-17 4.30168e-18 3.37148e-18 -1.43461e-18 1.04129e-19 -1.39802e-19 1.3086e-21 5.30902e-20 1.56771e-22 -3.06029e-22 -5.26424e-24 6.58369e-23
1.73112e+06 5.51519e-07 2.66094e-07 1.85517e-08 4.51439e-08 -4.99991e-08 -8.22673e-10 4.02648e-09 -1.245e-09 1.36952e-10 2.04308e-10 -1.73985e-10 -7.85864e-10 -6.43277e-11 5.51519e-07 1.53766e-15 1.18916e-15 -2.67057e-16 2.15986e-16 -1.4962e-16 1.27698e-17 -1.02919e-17 -4.42454e-19 4.29824e-19 -9.26643e-20 -1.41049e-19 1.04011e-18 3.59199e-20 2.66094e-07 1.18916e-15 1.10976e-15 -3.48366e-16 2.1025e-16 -1.44455e-16 1.29633e-17 -1.02558e-17 -4.65501e-19 4.71057e-19 -8.35386e-20 -1.5439e-19 1.04522e-18 3.6223e-20 1.85517e-08 -2.67057e-16 -3.48366e-16 1.81838e-16 -7.61839e-17 5.16552e-17 -5.12333e-18 3.83244e-18 2.19072e-19 -2.13946e-19 2.22378e-20 7.17058e-20 -3.97982e-19 -1.51916e-20 4.51439e-08 2.15986e-16 2.1025e-16 -7.61839e-17 4.2434e-17 -2.90145e-17 2.67411e-18 -2.12838e-18 -9.16672e-20 1.0118e-19 -1.79392e-20 -3.47066e-20 2.25435e-19 7.57844e-21 -4.99991e-08 -1.4962e-16 -1.44455e-16 5.16552e-17 -2.90145e-17 1.98981e-17 -1.81207e-18 1.44985e-18 6.51859e-20 -6.77196e-20 1.25571e-20 2.29665e-20 -1.52642e-19 -5.2487e-21 -8.22673e-10 1.27698e-17 1.29633e-17 -5.12333e-18 2.67411e-18 -1.81207e-18 1.92196e-19 -1.24586e-19 -8.77651e-21 8.45781e-21 2.1248e-23 -2.76539e-21 1.24106e-20 5.45037e-22 4.02648e-09 -1.02919e-17 -1.02558e-17 3.83244e-18 -2.12838e-18 1.44985e-18 -1.24586e-19 1.40216e-19 7.07735e-24 -3.98015e-21 2.95276e-21 2.20274e-21 -1.98467e-20 -4.4163e-22 -1.245e-09 -4.42454e-19 -4.65501e-19 2.19072e-19 -9.16672e-20 6.51859e-20 -8.77651e-21 7.07735e-24 3.3477e-21 -1.20296e-21 -3.09574e-22 4.52394e-23 6.99697e-22 -9.67454e-23 1.36952e-10 4.29824e-19 4.71057e-19 -2.13946e-19 1.0118e-19 -6.77196e-20 8.45781e-21 -3.98015e-21 -1.20296e-21 1.32029e-21 2.44641e-22 -2.21155e-22 4.97786e-22 1.27347e-23 2.04308e-10 -9.26643e-20 -8.35386e-20 2.22378e-20 -1.79392e-20 1.25571e-20 2.1248e-23 2.95276e-21 -3.09574e-22 2.44641e-22 4.15394e-22 -1.22276e-22 -6.73424e-22 2.35656e-23 -1.73985e-10 -1.41049e-19 -1.5439e-19 7.17058e-20 -3.47066e-20 2.29665e-20 -2.76539e-21 2.20274e-21 4.52394e-23 -2.21155e-22 -1.22276e-22 3.02095e-22 -4.92526e-22 -2.97835e-23 -7.85864e-10 1.04011e-18 1.04522e-18 -3.97982e-19 2.25435e-19 -1.52642e-19 1.24106e-20 -1.98467e-20 6.99697e-22 4.97786e-22 -6.73424e-22 -4.92526e-22 4.45117e-21 7.74645e-23 -6.43277e-11 3.59199e-20 3.6223e-20 -1.51916e-20 7.57844e-21 -5.2487e-21 5.45037e-22 -4.4163e-22 -9.67454e-23 1.27347e-23 2.35656e-23 -2.97835e-23 7.74645e-23 4.04442e-23
194933 4.57748e-05 1.99558e-08 1.33584e-09 2.39082e-09 -2.42997e-10 5.25396e-11 1.36214e-10 4.08527e-11 1.36327e-10 2.27622e-10 -1.68242e-09 1.79638e-11 3.50895e-12 4.57748e-05 1.24792e-11 -1.99158e-16 3.20922e-17 1.2172e-17 3.73148e-19 -6.85622e-18 5.69743e-19 -2.92529e-19 9.82656e-19 1.1358e-18 -8.725e-18 1.15832e-18 3.07776e-20 1.99558e-08 -1.99158e-16 6.49862e-17 -1.37475e-18 -1.15041e-18 4.03262e-20 1.38392e-19 -3.5401e-20 -1.84103e-20 -3.62161e-20 -6.03088e-20 4.81563e-19 -5.0143e-20 2.26886e-22 1.33584e-09 3.20922e-17 -1.37475e-18 5.83849e-19 1.15997e-19 4.68837e-21 -2.98822e-21 -1.2156e-21 7.86495e-22 -2.03712e-21 -3.53997e-21 1.71152e-20 9.02756e-21 1.20566e-23 2.39082e-09 1.2172e-17 -1.15041e-18 1.15997e-19 8.36563e-20 -8.98012e-22 -5.41338e-21 1.34962e-21 9.3044e-22 1.24686e-21 2.02687e-21 -1.82158e-20 3.8364e-21 -9.67831e-24 -2.42997e-10 3.73148e-19 4.03262e-20 4.68837e-21 -8.98012e-22 4.37451e-22 -9.92199e-22 -1.26868e-22 2.25509e-23 -1.84673e-22 -3.2885e-22 1.75276e-21 6.65357e-22 1.99501e-24 5.25396e-11 -6.85622e-18 1.38392e-19 -2.98822e-21 -5.41338e-21 -9.92199e-22 9.08133e-21 -9.56066e-23 -4.54329e-22 1.07645e-22 2.97475e-22 1.62762e-21 -4.06099e-21 -4.38563e-24 1.36214e-10 5.69743e-19 -3.5401e-20 -1.2156e-21 1.34962e-21 -1.26868e-22 -9.56066e-23 1.01606e-22 4.44645e-23 9.501e-23 1.62761e-22 -1.12901e-21 -4.85455e-23 -7.33617e-25 4.08527e-11 -2.92529e-19 -1.84103e-20 7.86495e-22 9.3044e-22 2.25509e-23 -4.54329e-22 4.44645e-23 7.5706e-23 5.97116e-24 2.30291e-23 -3.67858e-22 2.17879e-22 1.17569e-25 1.36327e-10 9.82656e-19 -3.62161e-20 -2.03712e-21 1.24686e-21 -1.84673e-22 1.07645e-22 9.501e-23 5.97116e-24 1.22198e-22 1.94748e-22 -1.25043e-21 -1.61098e-22 -9.45717e-25 2.27622e-10 1.1358e-18 -6.03088e-20 -3.53997e-21 2.02687e-21 -3.2885e-22 2.97475e-22 1.62761e-22 2.30291e-23 1.94748e-22 3.40738e-22 -2.12897e-21 -3.51959e-22 -1.59213e-24 -1.68242e-09 -8.725e-18 4.81563e-19 1.71152e-20 -1.82158e-20 1.75276e-21 1.62762e-21 -1.12901e-21 -3.67858e-22 -1.25043e-21 -2.12897e-21 1.50684e-20 3.21404e-22 9.74954e-24 1.79638e-11 1.15832e-18 -5.0143e-20 9.02756e-21 3.8364e-21 6.65357e-22 -4.06099e-21 -4.85455e-23 2.17879e-22 -1.61098e-22 -3.51959e-22 3.21404e-22 2.39101e-21 3.64965e-24 3.50895e-12 3.07776e-20 2.26886e-22 1.20566e-23 -9.67831e-24 1.99501e-24 -4.38563e-24 -7.33617e-25 1.17569e-25 -9.45717e-25 -1.59213e-24 9.74954e-24 3.64965e-24 2.17581e-25
1.24319e+12 0.000191237 -8.65306e-05 -1.17301e-05 1.63621e-06 -5.89894e-06 5.48096e-07 5.39421e-07 -2.64861e-07 -1.35122e-06 -3.00251e-08 -3.15632e-08 -3.06876e-07 -1.05296e-07 0.000191237 1.47502e-16 -3.81842e-17 -2.19922e-17 -9.74599e-18 4.81699e-19 1.36653e-19 -6.80593e-21 -2.6304e-20 -1.8085e-19 1.03173e-20 -2.35432e-21 1.85906e-21 3.93667e-21 -8.65306e-05 -3.81842e-17 1.34541e-17 7.03954e-18 3.30428e-18 -2.83253e-19 -3.05203e-20 -1.7669e-20 7.55017e-21 4.72823e-20 -2.61803e-21 1.04273e-21 4.62787e-23 -1.58023e-21 -1.17301e-05 -2.19922e-17 7.03954e-18 5.88607e-18 2.55765e-18 -2.93452e-19 -8.59015e-21 -3.20447e-20 4.17278e-21 2.6003e-20 -1.36687e-21 1.22635e-22 -8.19178e-22 -9.0594e-22 1.63621e-06 -9.74599e-18 3.30428e-18 2.55765e-18 1.31168e-18 -2.05416e-19 5.19042e-21 -2.07911e-20 6.60663e-22 1.97974e-21 -5.27375e-22 -1.54787e-22 -8.54074e-22 -3.99738e-22 -5.89894e-06 4.81699e-19 -2.83253e-19 -2.93452e-19 -2.05416e-19 7.04439e-20 -6.71705e-21 9.75781e-21 8.8228e-22 6.4286e-21 -9.87413e-23 1.57752e-22 3.51815e-22 -1.25967e-24 5.48096e-07 1.36653e-19 -3.05203e-20 -8.59015e-21 5.19042e-21 -6.71705e-21 2.09642e-21 -3.52851e-22 -1.82707e-22 -1.0733e-21 -3.97702e-23 2.31741e-24 -1.71668e-23 1.3717e-23 5.39421e-07 -6.80593e-21 -1.7669e-20 -3.20447e-20 -2.07911e-20 9.75781e-21 -3.52851e-22 4.09803e-21 9.50145e-23 5.53252e-22 -1.44301e-22 9.10717e-24 -3.18888e-23 -1.00879e-22 -2.64861e-07 -2.6304e-20 7.55017e-21 4.17278e-21 6.60663e-22 8.8228e-22 -1.82707e-22 9.50145e-23 1.28307e-22 4.41459e-22 -2.34775e-23 7.46188e-24 3.56263e-23 -1.55667e-23 -1.35122e-06 -1.8085e-19 4.72823e-20 2.6003e-20 1.97974e-21 6.4286e-21 -1.0733e-21 5.53252e-22 4.41459e-22 3.13891e-21 -1.31307e-22 4.90509e-23 6.33981e-23 -4.76666e-23 -3.00251e-08 1.03173e-20 -2.61803e-21 -1.36687e-21 -5.27375e-22 -9.87413e-23 -3.97702e-23 -1.44301e-22 -2.34775e-23 -1.31307e-22 8.14141e-23 -1.13932e-23 2.51485e-23 1.33488e-23 -3.15632e-08 -2.35432e-21 1.04273e-21 1.22635e-22 -1.54787e-22 1.57752e-22 2.31741e-24 9.10717e-24 7.46188e-24 4.90509e-23 -1.13932e-23 3.01793e-23 3.56147e-23 8.82978e-25 -3.06876e-07 1.85906e-21 4.62787e-23 -8.19178e-22 -8.54074e-22 3.51815e-22 -1.71668e-23 -3.18888e-23 3.56263e-23 6.33981e-23 2.51485e-23 3.56147e-23 1.04549e-22 9.24871e-25 -1.05296e-07 3.93667e-21 -1.58023e-21 -9.0594e-22 -3.99738e-22 -1.25967e-24 1.3717e-23 -1.00879e-22 -1.55667e-23 -4.76666e-23 1.33488e-23 8.82978e-25 9.24871e-25 2.85949e-23
1.59688e+11 6.77208e-05 2.96653e-06 -1.75113e-06 2.55001e-06 -1.6505e-07 -1.71695e-07 1.24932e-06 6.08601e-06 1.75888e-07 9.56514e-09 -6.16892e-08 -3.4593e-09 -1.09108e-08 6.77208e-05 3.7534e-17 -1.26403e-18 3.72306e-19 -1.09093e-18 6.5145e-20 6.75145e-20 -4.21465e-19 -2.02126e-18 -8.4856e-20 5.52358e-22 1.25278e-20 -1.15305e-22 -1.8521e-22 2.96653e-06 -1.26403e-18 1.3615e-19 -4.06285e-20 1.09243e-19 -6.17137e-21 -6.38414e-21 3.96691e-20 1.90551e-19 7.81334e-21 -1.59819e-23 -1.20335e-21 3.15656e-23 4.73092e-23 -1.75113e-06 3.72306e-19 -4.06285e-20 4.93597e-20 -7.56067e-21 1.49055e-21 1.58644e-21 -9.91042e-21 -4.76248e-20 -1.98863e-21 1.59458e-24 3.35719e-22 -1.46121e-23 -2.49959e-23 2.55001e-06 -1.09093e-18 1.09243e-19 -7.56067e-21 1.09435e-19 -5.46592e-21 -5.6042e-21 3.47631e-20 1.66934e-19 6.84026e-21 -1.72308e-23 -1.02054e-21 2.01361e-23 2.6967e-23 -1.6505e-07 6.5145e-20 -6.17137e-21 1.49055e-21 -5.46592e-21 3.18679e-22 3.25253e-22 -1.99748e-21 -9.58543e-21 -3.99454e-22 1.1781e-24 6.0816e-23 -1.13936e-24 -1.50421e-24 -1.71695e-07 6.75145e-20 -6.38414e-21 1.58644e-21 -5.6042e-21 3.25253e-22 3.38525e-22 -2.06456e-21 -9.92235e-21 -4.09443e-22 1.19943e-24 6.2324e-23 -1.07054e-24 -1.36698e-24 1.24932e-06 -4.21465e-19 3.96691e-20 -9.91042e-21 3.47631e-20 -1.99748e-21 -2.06456e-21 1.28461e-20 6.16297e-20 2.5674e-21 -6.45595e-24 -3.90653e-22 7.97635e-24 1.1483e-23 6.08601e-06 -2.02126e-18 1.90551e-19 -4.76248e-20 1.66934e-19 -9.58543e-21 -9.92235e-21 6.16297e-20 2.9597e-19 1.21795e-20 -3.27568e-23 -1.86984e-21 3.67659e-23 5.14696e-23 1.75888e-07 -8.4856e-20 7.81334e-21 -1.98863e-21 6.84026e-21 -3.99454e-22 -4.09443e-22 2.5674e-21 1.21795e-20 6.06022e-22 -3.17945e-24 -9.03489e-23 2.34227e-24 3.7769e-24 9.56514e-09 5.52358e-22 -1.59819e-23 1.59458e-24 -1.72308e-23 1.1781e-24 1.19943e-24 -6.45595e-24 -3.27568e-23 -3.17945e-24 2.21817e-24 -2.562e-24 7.97685e-25 1.14347e-24 -6.16892e-08 1.25278e-20 -1.20335e-21 3.35719e-22 -1.02054e-21 6.0816e-23 6.2324e-23 -3.90653e-22 -1.86984e-21 -9.03489e-23 -2.562e-24 3.11604e-23 -2.19435e-24 -4.29671e-24 -3.4593e-09 -1.15305e-22 3.15656e-23 -1.46121e-23 2.01361e-23 -1.13936e-24 -1.07054e-24 7.97635e-24 3.67659e-23 2.34227e-24 7.97685e-25 -2.19435e-24 1.17298e-24 2.44896e-24 -1.09108e-08 -1.8521e-22 4.73092e-23 -2.49959e-23 2.6967e-23 -1.50421e-24 -1.36698e-24 1.1483e-23 5.14696e-23 3.7769e-24 1.14347e-24 -4.29671e-24 2.44896e-24 6.04078e-24
1.4221e+43 -1.0566e+14 -1.069e+13 -2.49923e+12 1.26341e+13 -8.67242e+10 -7.69489e+11 3.19203e+11 -9.76365e+09 -7.23852e+10 -1.40032e+09 -2.84597e+09 -1.95073e+09 4.97739e+09 -1.0566e+14 6.26842e-13 6.44044e-14 1.49386e-14 -7.57973e-14 4.03733e-16 4.75773e-15 -1.8691e-15 5.8213e-17 4.11574e-16 1.13212e-17 1.19506e-17 8.33139e-18 -1.93327e-17 -1.069e+13 6.44044e-14 6.63724e-15 1.54117e-15 -7.79164e-15 3.82819e-17 4.96162e-16 -1.94543e-16 6.06235e-18 4.29446e-17 1.19072e-18 1.23342e-18 8.52348e-19 -1.99799e-18 -2.49923e+12 1.49386e-14 1.54117e-15 3.61045e-16 -1.80715e-15 8.6273e-18 1.15528e-16 -4.53572e-17 1.42365e-18 9.97762e-18 2.85829e-19 2.94308e-19 2.03521e-19 -4.76919e-19 1.26341e+13 -7.57973e-14 -7.79164e-15 -1.80715e-15 9.16843e-15 -4.83291e-17 -5.76629e-16 2.26479e-16 -7.05602e-18 -4.989e-17 -1.37381e-18 -1.44738e-18 -1.00832e-18 2.34161e-18 -8.67242e+10 4.03733e-16 3.82819e-17 8.6273e-18 -4.83291e-17 8.41956e-19 1.78691e-18 -7.58861e-19 2.29292e-20 1.55413e-19 2.00288e-21 6.8141e-21 6.40681e-21 -1.05602e-20 -7.69489e+11 4.75773e-15 4.96162e-16 1.15528e-16 -5.76629e-16 1.78691e-18 3.90438e-17 -1.51886e-17 4.74258e-19 3.38286e-18 9.75128e-20 9.09508e-20 6.01446e-20 -1.49331e-19 3.19203e+11 -1.8691e-15 -1.94543e-16 -4.53572e-17 2.26479e-16 -7.58861e-19 -1.51886e-17 5.93729e-18 -1.86953e-19 -1.31033e-18 -3.89959e-20 -3.69441e-20 -2.46989e-20 6.05899e-20 -9.76365e+09 5.8213e-17 6.06235e-18 1.42365e-18 -7.05602e-18 2.29292e-20 4.74258e-19 -1.86953e-19 6.60104e-21 4.09246e-20 1.55265e-21 1.23941e-21 9.62121e-22 -2.23064e-21 -7.23852e+10 4.11574e-16 4.29446e-17 9.97762e-18 -4.989e-17 1.55413e-19 3.38286e-18 -1.31033e-18 4.09246e-20 2.9829e-19 8.29947e-21 7.84609e-21 5.10268e-21 -1.27071e-20 -1.40032e+09 1.13212e-17 1.19072e-18 2.85829e-19 -1.37381e-18 2.00288e-21 9.75128e-20 -3.89959e-20 1.55265e-21 8.29947e-21 6.20346e-22 1.01484e-22 1.97056e-22 -5.11143e-22 -2.84597e+09 1.19506e-17 1.23342e-18 2.94308e-19 -1.44738e-18 6.8141e-21 9.09508e-20 -3.69441e-20 1.23941e-21 7.84609e-21 1.01484e-22 1.00224e-21 4.25391e-22 -8.41896e-22 -1.95073e+09 8.33139e-18 8.52348e-19 2.03521e-19 -1.00832e-18 6.40681e-21 6.01446e-20 -2.46989e-20 9.62121e-22 5.10268e-21 1.97056e-22 4.25391e-22 4.39646e-22 -6.49233e-22 4.97739e+09 -1.93327e-17 -1.99799e-18 -4.76919e-19 2.34161e-18 -1.05602e-20 -1.49331e-19 6.05899e-20 -2.23064e-21 -1.27071e-20 -5.11143e-22 -8.41896e-22 -6.49233e-22 1.25823e-21
5413.5 -1.31138e-08 5.79205e-09 2.91758e-09 -2.64652e-11 -7.33384e-10 3.78227e-12 -3.40034e-10 -1.65898e-12 1.15008e-10 -2.45013e-11 8.65657e-12 -7.05852e-11 -2.89172e-13 -1.31138e-08 3.56556e-17 4.6711e-18 -5.26834e-19 -5.90205e-19 1.39313e-19 -1.18136e-19 -1.09714e-19 -9.78791e-21 -1.83564e-19 -8.9954e-21 -3.08264e-21 2.61461e-20 1.22286e-21 5.79205e-09 4.6711e-18 2.77786e-17 -2.86932e-19 2.86629e-18 1.80659e-18 5.33624e-19 1.6519e-18 -2.73548e-20 3.15434e-19 -2.708e-20 1.98013e-20 4.10465e-20 5.00738e-21 2.91758e-09 -5.26834e-19 -2.86932e-19 4.04639e-18 -1.4988e-21 -8.79374e-20 -2.60227e-21 -4.52396e-20 4.62532e-21 1.67149e-20 2.87605e-21 1.76813e-22 -4.71786e-21 -3.99663e-22 -2.64652e-11 -5.90205e-19 2.86629e-18 -1.4988e-21 4.9449e-19 2.57474e-19 9.01435e-20 2.5149e-19 -2.1763e-21 6.38634e-20 -1.42677e-21 2.05955e-21 3.42667e-21 8.88182e-22 -7.33384e-10 1.39313e-19 1.80659e-18 -8.79374e-20 2.57474e-19 1.73078e-19 4.76333e-20 1.50436e-19 -2.4802e-21 2.66959e-20 -1.9874e-21 1.43267e-21 3.99344e-21 5.68428e-22 3.78227e-12 -1.18136e-19 5.33624e-19 -2.60227e-21 9.01435e-20 4.76333e-20 1.88649e-20 4.91846e-20 -2.32819e-22 1.34717e-20 2.99802e-22 7.67543e-23 5.48191e-22 2.92434e-22 -3.40034e-10 -1.09714e-19 1.6519e-18 -4.52396e-20 2.5149e-19 1.50436e-19 4.91846e-20 1.45674e-19 -1.85751e-21 3.08229e-20 -1.23026e-21 1.34807e-21 2.60177e-21 5.73304e-22 -1.65898e-12 -9.78791e-21 -2.73548e-20 4.62532e-21 -2.1763e-21 -2.4802e-21 -2.32819e-22 -1.85751e-21 3.77819e-22 2.08783e-22 3.62263e-22 -2.18181e-22 -1.58055e-22 2.2587e-24 1.15008e-10 -1.83564e-19 3.15434e-19 1.67149e-20 6.38634e-20 2.66959e-20 1.34717e-20 3.08229e-20 2.08783e-22 1.24014e-20 4.2887e-22 -3.60339e-23 -5.57096e-23 1.41775e-22 -2.45013e-11 -8.9954e-21 -2.708e-20 2.87605e-21 -1.42677e-21 -1.9874e-21 2.99802e-22 -1.23026e-21 3.62263e-22 4.2887e-22 7.36081e-22 -4.12454e-22 -1.3508e-22 9.07336e-23 8.65657e-12 -3.08264e-21 1.98013e-20 1.76813e-22 2.05955e-21 1.43267e-21 7.67543e-23 1.34807e-21 -2.18181e-22 -3.60339e-23 -4.12454e-22 3.74388e-22 2.20151e-23 -5.1146e-23 -7.05852e-11 2.61461e-20 4.10465e-20 -4.71786e-21 3.42667e-21 3.99344e-21 5.48191e-22 2.60177e-21 -1.58055e-22 -5.57096e-23 -1.3508e-22 2.20151e-23 4.63671e-22 3.88163e-23 -2.89172e-13 1.22286e-21 5.00738e-21 -3.99663e-22 8.88182e-22 5.68428e-22 2.92434e-22 5.73304e-22 2.2587e-24 1.41775e-22 9.07336e-23 -5.1146e-23 3.88163e-23 4.7348e-23
1366.38 -1.55516e-06 3.925e-06 2.93381e-08 -4.19138e-10 -3.38295e-10 9.18705e-11 2.99069e-11 7.25982e-11 5.30623e-11 -1.80611e-12 1.41701e-12 6.29242e-13 1.03306e-12 -1.55516e-06 4.75727e-11 9.03046e-12 1.22426e-16 -3.79336e-17 4.03925e-18 -5.44285e-18 -1.23493e-17 1.65927e-18 -3.46454e-19 2.36591e-18 1.28588e-18 -3.40149e-19 -8.47158e-19 3.925e-06 9.03046e-12 1.65227e-11 -5.84018e-16 4.85335e-18 2.52106e-17 -2.06368e-17 -7.99631e-18 -5.17707e-18 -1.02575e-17 -1.76761e-19 1.04676e-18 9.86741e-19 -8.47499e-19 2.93381e-08 1.22426e-16 -5.84018e-16 4.74408e-16 -4.15271e-18 -3.39965e-18 1.34144e-18 2.06172e-19 6.30608e-19 7.38122e-19 2.68009e-20 -4.25478e-20 2.17988e-21 1.8294e-20 -4.19138e-10 -3.79336e-17 4.85335e-18 -4.15271e-18 2.30964e-19 1.32456e-19 -4.89299e-20 -8.5804e-21 -2.09808e-20 -2.26279e-20 -1.78175e-21 1.14409e-21 -3.64256e-22 -2.02894e-22 -3.38295e-10 4.03925e-18 2.52106e-17 -3.39965e-18 1.32456e-19 9.45891e-20 -3.57869e-20 -9.3974e-21 -1.47483e-20 -1.56372e-20 -8.11984e-22 9.25506e-22 -1.95001e-22 -2.23231e-22 9.18705e-11 -5.44285e-18 -2.06368e-17 1.34144e-18 -4.89299e-20 -3.57869e-20 1.65326e-20 3.26638e-21 6.41027e-21 7.50477e-21 4.56274e-22 -4.70997e-22 1.56747e-22 9.8716e-23 2.99069e-11 -1.23493e-17 -7.99631e-18 2.06172e-19 -8.5804e-21 -9.3974e-21 3.26638e-21 5.89876e-21 6.4189e-22 -5.40545e-22 -1.87628e-22 -4.23871e-23 -4.91576e-23 4.73602e-23 7.25982e-11 1.65927e-18 -5.17707e-18 6.30608e-19 -2.09808e-20 -1.47483e-20 6.41027e-21 6.4189e-22 3.09776e-21 3.17842e-21 2.47437e-22 -2.35562e-22 8.88029e-23 3.10632e-23 5.30623e-11 -3.46454e-19 -1.02575e-17 7.38122e-19 -2.26279e-20 -1.56372e-20 7.50477e-21 -5.40545e-22 3.17842e-21 4.66741e-21 2.5467e-22 -2.80265e-22 4.89273e-23 6.69181e-23 -1.80611e-12 2.36591e-18 -1.76761e-19 2.68009e-20 -1.78175e-21 -8.11984e-22 4.56274e-22 -1.87628e-22 2.47437e-22 2.5467e-22 1.5863e-22 -1.40687e-23 3.96718e-23 -3.82007e-24 1.41701e-12 1.28588e-18 1.04676e-18 -4.25478e-20 1.14409e-21 9.25506e-22 -4.70997e-22 -4.23871e-23 -2.35562e-22 -2.80265e-22 -1.40687e-23 9.71694e-23 -9.9297e-25 -2.79431e-23 6.29242e-13 -3.40149e-19 9.86741e-19 2.17988e-21 -3.64256e-22 -1.95001e-22 1.56747e-22 -4.91576e-23 8.88029e-23 4.89273e-23 3.96718e-23 -9.9297e-25 4.0349e-23 -7.90664e-24 1.03306e-12 -8.47158e-19 -8.47499e-19 1.8294e-20 -2.02894e-22 -2.23231e-22 9.8716e-23 4.73602e-23 3.10632e-23 6.69181e-23 -3.82007e-24 -2.79431e-23 -7.90664e-24 2.46745e-23
73.54 6.6782e-08 -3.88109e-07 7.32198e-08 8.12283e-10 -9.85304e-10 -4.87821e-10 -8.12011e-12 -8.23662e-12 2.88068e-12 -9.72689e-13 2.66858e-12 -1.32613e-12 7.01861e-13 6.6782e-08 1.91769e-13 -1.1261e-12 2.15877e-13 2.42703e-15 -3.06682e-15 -1.55942e-15 -3.39762e-17 -1.612e-17 5.14417e-18 9.08197e-19 -4.57337e-18 -3.81015e-18 -4.99701e-20 -3.88109e-07 -1.1261e-12 6.61339e-12 -1.26792e-12 -1.42566e-14 1.80222e-14 9.16568e-15 1.99933e-16 9.47618e-17 -3.02056e-17 -5.33466e-18 2.6833e-17 2.2315e-17 3.08111e-19 7.32198e-08 2.15877e-13 -1.26792e-12 2.43108e-13 2.73374e-15 -3.45762e-15 -1.75891e-15 -3.84366e-17 -1.81842e-17 5.78596e-18 1.02259e-18 -5.13499e-18 -4.25971e-18 -6.2753e-20 8.12283e-10 2.42703e-15 -1.42566e-14 2.73374e-15 3.08374e-17 -3.89094e-17 -1.97727e-17 -4.227e-19 -2.03744e-19 6.49892e-20 1.15154e-20 -5.84833e-20 -4.90578e-20 -5.65303e-22 -9.85304e-10 -3.06682e-15 1.80222e-14 -3.45762e-15 -3.89094e-17 4.94503e-17 2.52013e-17 5.60133e-19 2.59945e-19 -8.13579e-20 -1.44997e-20 7.21408e-20 5.88514e-20 1.22986e-21 -4.87821e-10 -1.55942e-15 9.16568e-15 -1.75891e-15 -1.97727e-17 2.52013e-17 1.28693e-17 2.90255e-19 1.33739e-19 -4.13829e-20 -7.34971e-21 3.57632e-20 2.83495e-20 8.79783e-22 -8.12011e-12 -3.39762e-17 1.99933e-16 -3.84366e-17 -4.227e-19 5.60133e-19 2.90255e-19 1.10033e-20 3.13472e-21 -9.4663e-22 -1.52011e-22 5.41414e-22 2.24338e-22 7.69542e-23 -8.23662e-12 -1.612e-17 9.47618e-17 -1.81842e-17 -2.03744e-19 2.59945e-19 1.33739e-19 3.13472e-21 1.95543e-21 -7.00765e-22 -8.96723e-23 4.45646e-22 3.6847e-22 7.20347e-24 2.88068e-12 5.14417e-18 -3.02056e-17 5.78596e-18 6.49892e-20 -8.13579e-20 -4.13829e-20 -9.4663e-22 -7.00765e-22 4.26867e-22 3.69724e-23 -1.90277e-22 -2.17707e-22 1.9155e-23 -9.72689e-13 9.08197e-19 -5.33466e-18 1.02259e-18 1.15154e-20 -1.44997e-20 -7.34971e-21 -1.52011e-22 -8.96723e-23 3.69724e-23 2.21482e-23 -6.85386e-23 -4.16272e-23 -2.27521e-26 2.66858e-12 -4.57337e-18 2.6833e-17 -5.13499e-18 -5.84833e-20 7.21408e-20 3.57632e-20 5.41414e-22 4.45646e-22 -1.90277e-22 -6.85386e-23 4.17729e-22 4.15303e-22 -2.00322e-23 -1.32613e-12 -3.81015e-18 2.2315e-17 -4.25971e-18 -4.90578e-20 5.88514e-20 2.83495e-20 2.24338e-22 3.6847e-22 -2.17707e-22 -4.16272e-23 4.15303e-22 5.38835e-22 -5.68349e-23 7.01861e-13 -4.99701e-20 3.08111e-19 -6.2753e-20 -5.65303e-22 1.22986e-21 8.79783e-22 7.69542e-23 7.20347e-24 1.9155e-23 -2.27521e-26 -2.00322e-23 -5.68349e-23 1.92598e-23
