3.54402e+24 -171.773 110.237 28.3292 134.351 155.26 309.871 2.31325 4.6847 2.4443 7.29819 -0.254688 -0.509115 1.00048 -1.14988 7.66064 0.504922 -171.773 4.77897e-17 -3.0783e-17 -2.67686e-17 2.47787e-17 -7.50723e-18 -2.69379e-17 2.47835e-18 3.95325e-18 -3.7282e-19 -2.54001e-19 -1.91975e-19 2.41164e-19 1.92658e-18 -5.43336e-19 2.99556e-18 1.22007e-19 110.237 -3.0783e-17 2.00298e-17 1.65788e-17 -1.31921e-17 6.4723e-18 2.03441e-17 -1.45691e-18 -2.33008e-18 2.54038e-19 1.81502e-19 1.12067e-19 -1.45777e-19 -1.12792e-18 3.21916e-19 -1.76824e-18 -6.92061e-20 28.3292 -2.67686e-17 1.65788e-17 1.85787e-17 -2.76689e-17 -3.6957e-18 6.77879e-19 -2.0777e-18 -3.28956e-18 1.66123e-19 -5.09014e-20 1.65312e-19 -1.90456e-19 -1.63746e-18 4.6393e-19 -2.55263e-18 -1.01702e-19 134.351 2.47787e-17 -1.31921e-17 -2.76689e-17 6.66738e-17 2.70478e-17 4.25003e-17 3.97897e-18 6.23975e-18 2.93205e-20 4.91694e-19 -3.25014e-19 3.29182e-19 3.1845e-18 -8.78804e-19 4.86906e-18 2.07899e-19 155.26 -7.50723e-18 6.4723e-18 -3.6957e-18 2.70478e-17 1.90282e-17 3.67848e-17 1.15888e-18 1.79319e-18 2.21679e-19 3.83515e-19 -9.95757e-20 7.86031e-20 9.51831e-19 -2.58654e-19 1.4411e-18 6.47329e-20 309.871 -2.69379e-17 2.03441e-17 6.77879e-19 4.25003e-17 3.67848e-17 7.48719e-17 1.43879e-18 2.15978e-18 4.30966e-19 9.23504e-19 -1.30375e-19 7.6177e-20 1.22799e-18 -3.19845e-19 1.79555e-18 8.59521e-20 2.31325 2.47835e-18 -1.45691e-18 -2.0777e-18 3.97897e-18 1.15888e-18 1.43879e-18 2.65199e-19 4.14941e-19 -2.07382e-20 2.52491e-20 -2.13642e-20 2.26214e-20 2.10887e-19 -5.75216e-20 3.19602e-19 1.41648e-20 4.6847 3.95325e-18 -2.33008e-18 -3.28956e-18 6.23975e-18 1.79319e-18 2.15978e-18 4.14941e-19 6.56946e-19 -3.80086e-21 8.05176e-21 -3.33115e-20 3.71402e-20 3.2922e-19 -9.16175e-20 5.0742e-19 2.18254e-20 2.4443 -3.7282e-19 2.54038e-19 1.66123e-19 2.93205e-20 2.21679e-19 4.30966e-19 -2.07382e-20 -3.80086e-21 2.23091e-19 -1.67863e-19 1.2542e-21 -7.72407e-22 -1.20281e-20 4.08223e-21 -2.15686e-20 2.62176e-22 7.29819 -2.54001e-19 1.81502e-19 -5.09014e-20 4.91694e-19 3.83515e-19 9.23504e-19 2.52491e-20 8.05176e-21 -1.67863e-19 2.84172e-19 -3.34455e-21 -5.97481e-21 1.77608e-20 -1.3414e-20 5.85979e-20 -5.4206e-21 -0.254688 -1.91975e-19 1.12067e-19 1.65312e-19 -3.25014e-19 -9.95757e-20 -1.30375e-19 -2.13642e-20 -3.33115e-20 1.2542e-21 -3.34455e-21 1.74086e-21 -1.69997e-21 -1.70092e-20 4.67541e-21 -2.58654e-20 -1.09473e-21 -0.509115 2.41164e-19 -1.45777e-19 -1.90456e-19 3.29182e-19 7.86031e-20 7.6177e-20 2.26214e-20 3.71402e-20 -7.72407e-22 -5.97481e-21 -1.69997e-21 4.72897e-21 1.88857e-20 -5.9251e-21 3.17221e-20 1.43436e-21 1.00048 1.92658e-18 -1.12792e-18 -1.63746e-18 3.1845e-18 9.51831e-19 1.22799e-18 2.10887e-19 3.2922e-19 -1.20281e-20 1.77608e-20 -1.70092e-20 1.88857e-20 1.69903e-19 -4.54995e-20 2.53444e-19 1.14223e-20 -1.14988 -5.43336e-19 3.21916e-19 4.6393e-19 -8.78804e-19 -2.58654e-19 -3.19845e-19 -5.75216e-20 -9.16175e-20 4.08223e-21 -1.3414e-20 4.67541e-21 -5.9251e-21 -4.54995e-20 1.49269e-20 -7.81937e-20 -1.54318e-21 7.66064 2.99556e-18 -1.76824e-18 -2.55263e-18 4.86906e-18 1.4411e-18 1.79555e-18 3.19602e-19 5.0742e-19 -2.15686e-20 5.85979e-20 -2.58654e-20 3.17221e-20 2.53444e-19 -7.81937e-20 4.22043e-19 1.30901e-20 0.504922 1.22007e-19 -6.92061e-20 -1.01702e-19 2.07899e-19 6.47329e-20 8.59521e-20 1.41648e-20 2.18254e-20 2.62176e-22 -5.4206e-21 -1.09473e-21 1.43436e-21 1.14223e-20 -1.54318e-21 1.30901e-20 2.71512e-21
6.83921e+29 -24025.4 174.839 -2140.1 -45268.9 -6559.28 107301 -1403.52 -13119.8 -1306.31 -826.428 19.049 -3.95482 -25.3376 63.8806 5127.76 99.2479 -24025.4 3.07333e-18 -1.0215e-20 2.65089e-19 6.84975e-18 5.86154e-19 -9.63479e-18 1.215e-19 1.16515e-18 1.43416e-19 6.86097e-20 -1.89992e-21 5.05537e-21 2.25776e-21 -1.01669e-20 -5.33509e-19 2.78369e-22 174.839 -1.0215e-20 1.00219e-22 -9.91682e-22 -2.14575e-20 -2.4279e-21 3.68718e-20 -5.07779e-22 -3.90531e-21 -1.47663e-21 -1.13358e-22 3.52277e-24 -8.2263e-24 3.74624e-25 2.2526e-23 9.90732e-22 -2.69783e-24 -2140.1 2.65089e-19 -9.91682e-22 2.34074e-20 5.92528e-19 5.18346e-20 -8.35828e-19 1.05348e-20 9.84223e-20 1.49256e-20 5.30488e-21 -1.49942e-22 4.03083e-22 1.93806e-22 -8.13717e-22 -4.21834e-20 -1.18588e-23 -45268.9 6.84975e-18 -2.14575e-20 5.92528e-19 1.54718e-17 1.2864e-18 -2.10582e-17 2.59861e-19 2.53152e-18 2.67749e-19 1.5702e-19 -4.29923e-21 1.14944e-20 5.25471e-21 -2.32128e-20 -1.20686e-18 1.22954e-22 -6559.28 5.86154e-19 -2.4279e-21 5.18346e-20 1.2864e-18 1.23666e-19 -1.97091e-18 2.40634e-20 2.28313e-19 3.12832e-20 1.25529e-20 -3.56413e-22 9.49321e-22 4.54075e-22 -1.89358e-21 -1.00258e-19 1.94049e-23 107301 -9.63479e-18 3.68718e-20 -8.35828e-19 -2.10582e-17 -1.97091e-18 3.20669e-17 -4.01178e-19 -3.82448e-18 -4.99499e-19 -2.16755e-19 6.07868e-21 -1.61168e-20 -7.48011e-21 3.23348e-20 1.70904e-18 -5.98167e-22 -1403.52 1.215e-19 -5.07779e-22 1.05348e-20 2.59861e-19 2.40634e-20 -4.01178e-19 5.63668e-21 4.9322e-20 1.07219e-20 2.296e-21 -6.35443e-23 1.69432e-22 7.91739e-23 -3.70253e-22 -1.79583e-20 -3.1768e-23 -13119.8 1.16515e-18 -3.90531e-21 9.84223e-20 2.53152e-18 2.28313e-19 -3.82448e-18 4.9322e-20 4.75002e-19 5.7369e-20 2.76676e-20 -7.73128e-22 2.03227e-21 9.18862e-22 -3.96079e-21 -2.16894e-19 2.83442e-22 -1306.31 1.43416e-19 -1.47663e-21 1.49256e-20 2.67749e-19 3.12832e-20 -4.99499e-19 1.07219e-20 5.7369e-20 6.27059e-20 -7.23095e-21 8.21755e-23 -2.03848e-22 -9.84273e-23 1.84373e-22 2.25412e-20 -2.82412e-22 -826.428 6.86097e-20 -1.13358e-22 5.30488e-21 1.5702e-19 1.25529e-20 -2.16755e-19 2.296e-21 2.76676e-20 -7.23095e-21 4.89944e-21 -7.85485e-23 1.95084e-22 6.44231e-23 -4.21364e-22 -2.19329e-20 2.73382e-23 19.049 -1.89992e-21 3.52277e-24 -1.49942e-22 -4.29923e-21 -3.56413e-22 6.07868e-21 -6.35443e-23 -7.73128e-22 8.21755e-23 -7.85485e-23 2.15374e-24 -5.58015e-24 -7.39329e-25 1.00176e-23 5.50445e-22 -2.78513e-24 -3.95482 5.05537e-21 -8.2263e-24 4.03083e-22 1.14944e-20 9.49321e-22 -1.61168e-20 1.69432e-22 2.03227e-21 -2.03848e-22 1.95084e-22 -5.58015e-24 2.64061e-23 1.73068e-23 -4.07195e-23 -1.46547e-21 -1.11722e-23 -25.3376 2.25776e-21 3.74624e-25 1.93806e-22 5.25471e-21 4.54075e-22 -7.48011e-21 7.91739e-23 9.18862e-22 -9.84273e-23 6.44231e-23 -7.39329e-25 1.73068e-23 6.0366e-23 -1.95112e-23 -5.30265e-22 -9.02472e-23 63.8806 -1.01669e-20 2.2526e-23 -8.13717e-22 -2.32128e-20 -1.89358e-21 3.23348e-20 -3.70253e-22 -3.96079e-21 1.84373e-22 -4.21364e-22 1.00176e-23 -4.07195e-23 -1.95112e-23 2.46962e-22 3.42838e-21 2.11495e-22 5127.76 -5.33509e-19 9.90732e-22 -4.21834e-20 -1.20686e-18 -1.00258e-19 1.70904e-18 -1.79583e-20 -2.16894e-19 2.25412e-20 -2.19329e-20 5.50445e-22 -1.46547e-21 -5.30265e-22 3.42838e-21 1.55182e-19 2.97461e-22 99.2479 2.78369e-22 -2.69783e-24 -1.18588e-23 1.22954e-22 1.94049e-23 -5.98167e-22 -3.1768e-23 2.83442e-22 -2.82412e-22 2.73382e-23 -2.78513e-24 -1.11722e-23 -9.02472e-23 2.11495e-22 2.97461e-22 4.10355e-22
1.15372e+34 -5.05146e+07 178118 305931 2.12035e+06 213706 1.24372e+06 4555.3 62585.2 -70197.1 181549 4217.38 63861.4 -151273 33719.7 107490 41344.4 -5.05146e+07 3.82536e-16 -3.63748e-19 -1.77115e-18 -1.26554e-17 -1.03076e-18 -4.55879e-18 6.2709e-20 -3.05598e-19 -1.94293e-18 2.74429e-19 -4.99592e-20 -4.46204e-19 8.9215e-19 1.67525e-20 -1.64914e-19 6.08466e-20 178118 -3.63748e-19 6.52498e-21 -1.64207e-21 9.61115e-21 -5.12201e-22 -5.68732e-21 -1.75897e-22 -5.53714e-22 7.91444e-22 -3.35029e-21 1.77967e-22 1.61691e-21 -2.83113e-21 -2.21849e-22 9.83836e-24 -6.36956e-22 305931 -1.77115e-18 -1.64207e-21 1.2601e-20 6.34791e-20 8.28569e-21 2.96397e-20 -1.56813e-22 3.14593e-21 1.49579e-20 1.54397e-21 3.32298e-23 5.7402e-22 -1.52716e-21 2.8932e-22 6.88784e-22 2.9246e-22 2.12035e+06 -1.26554e-17 9.61115e-21 6.34791e-20 4.68138e-19 2.91816e-20 2.12706e-19 -2.05844e-21 7.0487e-21 5.55114e-20 -1.46602e-20 1.60838e-21 1.41045e-20 -2.80558e-20 -5.31666e-22 5.71661e-21 -1.30772e-21 213706 -1.03076e-18 -5.12201e-22 8.28569e-21 2.91816e-20 1.04755e-20 5.76976e-21 4.75509e-24 4.55567e-21 1.4094e-20 7.69626e-21 -9.83243e-23 7.35174e-23 -6.08977e-22 6.26875e-22 2.12473e-22 1.41023e-22 1.24372e+06 -4.55879e-18 -5.68732e-21 2.96397e-20 2.12706e-19 5.76976e-21 2.30128e-19 -1.4717e-22 -5.77322e-22 -2.79282e-21 3.24976e-22 1.93197e-22 1.08986e-21 -1.70777e-21 -7.41651e-22 -6.28494e-22 -1.12555e-21 4555.3 6.2709e-20 -1.75897e-22 -1.56813e-22 -2.05844e-21 4.75509e-24 -1.4717e-22 4.19222e-23 2.80727e-23 -8.11324e-22 6.89209e-22 -2.06655e-23 -1.56041e-22 2.72055e-22 2.59817e-23 -4.65571e-23 1.56922e-23 62585.2 -3.05598e-19 -5.53714e-22 3.14593e-21 7.0487e-21 4.55567e-21 -5.77322e-22 2.80727e-23 2.33284e-21 8.77893e-21 2.8739e-21 -8.78192e-23 -4.65974e-22 7.03836e-22 2.81093e-22 6.54992e-23 2.71197e-22 -70197.1 -1.94293e-18 7.91444e-22 1.49579e-20 5.55114e-20 1.4094e-20 -2.79282e-21 -8.11324e-22 8.77893e-21 9.72407e-20 -3.70913e-20 -1.86109e-22 -1.91935e-21 3.52171e-21 2.18083e-22 2.74948e-22 1.22789e-21 181549 2.74429e-19 -3.35029e-21 1.54397e-21 -1.46602e-20 7.69626e-21 3.24976e-22 6.89209e-22 2.8739e-21 -3.70913e-20 4.0761e-20 -2.25439e-22 -1.00194e-21 8.79008e-22 8.3459e-22 2.16438e-22 5.25488e-22 4217.38 -4.99592e-20 1.77967e-22 3.32298e-23 1.60838e-21 -9.83243e-23 1.93197e-22 -2.06655e-23 -8.78192e-23 -1.86109e-22 -2.25439e-22 2.25124e-23 1.69691e-22 -3.15135e-22 -2.85399e-23 5.08547e-23 -2.75776e-23 63861.4 -4.46204e-19 1.61691e-21 5.7402e-22 1.41045e-20 7.35174e-23 1.08986e-21 -1.56041e-22 -4.65974e-22 -1.91935e-21 -1.00194e-21 1.69691e-22 1.75245e-21 -3.02506e-21 -4.67439e-23 2.18472e-22 -3.65125e-22 -151273 8.9215e-19 -2.83113e-21 -1.52716e-21 -2.80558e-20 -6.08977e-22 -1.70777e-21 2.72055e-22 7.03836e-22 3.52171e-21 8.79008e-22 -3.15135e-22 -3.02506e-21 5.84963e-21 -3.03275e-24 -1.07411e-21 2.93643e-22 33719.7 1.67525e-20 -2.21849e-22 2.8932e-22 -5.31666e-22 6.26875e-22 -7.41651e-22 2.59817e-23 2.81093e-22 2.18083e-22 8.3459e-22 -2.85399e-23 -4.67439e-23 -3.03275e-24 2.98758e-22 5.38324e-22 6.28721e-22 107490 -1.64914e-19 9.83836e-24 6.88784e-22 5.71661e-21 2.12473e-22 -6.28494e-22 -4.65571e-23 6.54992e-23 2.74948e-22 2.16438e-22 5.08547e-23 2.18472e-22 -1.07411e-21 5.38324e-22 2.35309e-21 2.08378e-21 41344.4 6.08466e-20 -6.36956e-22 2.9246e-22 -1.30772e-21 1.41023e-22 -1.12555e-21 1.56922e-23 2.71197e-22 1.22789e-21 5.25488e-22 -2.75776e-23 -3.65125e-22 2.93643e-22 6.28721e-22 2.08378e-21 2.39197e-21
135.406 1.05991e-05 1.64492e-10 -1.98538e-11 -4.91162e-11 1.75016e-11 -2.11559e-10 2.99246e-11 1.10651e-11 -8.64598e-10 7.06831e-12 5.60804e-14 -4.64065e-12 -4.44715e-13 2.75629e-12 2.25597e-12 -4.50465e-12 1.05991e-05 2.56476e-12 -2.56054e-17 1.34026e-19 1.13389e-17 -2.1359e-19 -2.24631e-17 2.79266e-19 3.65017e-19 -2.57518e-17 -1.32913e-18 4.2372e-20 2.23587e-19 -1.32842e-18 5.20646e-19 -6.43417e-19 7.13825e-18 1.64492e-10 -2.56054e-17 1.55127e-18 -3.97971e-20 -2.4507e-19 5.48373e-20 1.92431e-19 1.00256e-19 3.95152e-20 -2.69679e-18 -4.26269e-21 -2.43602e-22 -5.11439e-21 8.35155e-21 2.10302e-21 -7.48476e-22 -5.46283e-20 -1.98538e-11 1.34026e-19 -3.97971e-20 4.16867e-21 2.08746e-20 -1.61234e-22 1.54809e-20 -4.63137e-21 -1.62992e-21 1.03681e-19 7.81144e-22 3.92135e-23 8.30923e-22 -1.57483e-21 -6.73436e-23 -4.97219e-22 8.95983e-21 -4.91162e-11 1.13389e-17 -2.4507e-19 2.08746e-20 1.89016e-19 1.51889e-21 -1.03803e-19 -1.59086e-20 -1.88045e-21 1.44567e-19 -6.06074e-21 4.67136e-22 9.55508e-21 -1.86363e-20 -8.89574e-22 -5.33452e-21 1.06313e-19 1.75016e-11 -2.1359e-19 5.48373e-20 -1.61234e-22 1.51889e-21 7.20539e-21 7.27078e-21 4.01324e-21 2.10994e-21 -1.63539e-19 1.75922e-21 6.39802e-23 1.4041e-21 -2.69841e-21 -6.69121e-23 -1.01002e-21 1.49305e-20 -2.11559e-10 -2.24631e-17 1.92431e-19 1.54809e-20 -1.03803e-19 7.27078e-21 5.73472e-19 -2.35217e-20 -1.43975e-20 7.98549e-19 2.98306e-20 -2.68195e-22 -5.08456e-21 1.1284e-20 -2.53901e-22 4.23404e-21 -6.08187e-20 2.99246e-11 2.79266e-19 1.00256e-19 -4.63137e-21 -1.59086e-20 4.01324e-21 -2.35217e-20 1.05511e-20 4.62715e-21 -2.8025e-19 -4.7739e-21 -1.45449e-23 -3.73073e-22 5.39474e-22 1.07089e-22 8.364e-23 -3.38883e-21 1.10651e-11 3.65017e-19 3.95152e-20 -1.62992e-21 -1.88045e-21 2.10994e-21 -1.43975e-20 4.62715e-21 2.67335e-21 -1.30345e-19 -6.47213e-21 1.3334e-23 3.20197e-22 -5.76034e-22 -2.92047e-23 -2.14399e-22 3.1761e-21 -8.64598e-10 -2.57518e-17 -2.69679e-18 1.03681e-19 1.44567e-19 -1.63539e-19 7.98549e-19 -2.8025e-19 -1.30345e-19 8.6194e-18 6.33135e-20 -1.07149e-21 -2.0805e-20 4.41132e-20 -8.39907e-22 1.64804e-20 -2.4032e-19 7.06831e-12 -1.32913e-18 -4.26269e-21 7.81144e-22 -6.06074e-21 1.75922e-21 2.98306e-20 -4.7739e-21 -6.47213e-21 6.33135e-20 4.61093e-20 -2.71546e-24 -3.21367e-22 4.01402e-22 6.8467e-23 6.43627e-22 -2.74484e-21 5.60804e-14 4.2372e-20 -2.43602e-22 3.92135e-23 4.67136e-22 6.39802e-23 -2.68195e-22 -1.45449e-23 1.3334e-23 -1.07149e-21 -2.71546e-24 2.47826e-24 4.69413e-23 -9.08087e-23 -3.70156e-24 -1.54153e-23 5.14907e-22 -4.64065e-12 2.23587e-19 -5.11439e-21 8.30923e-22 9.55508e-21 1.4041e-21 -5.08456e-21 -3.73073e-22 3.20197e-22 -2.0805e-20 -3.21367e-22 4.69413e-23 1.15944e-21 -2.03058e-21 -1.0972e-22 -5.4321e-22 1.03546e-20 -4.44715e-13 -1.32842e-18 8.35155e-21 -1.57483e-21 -1.86363e-20 -2.69841e-21 1.1284e-20 5.39474e-22 -5.76034e-22 4.41132e-20 4.01402e-22 -9.08087e-23 -2.03058e-21 3.96173e-21 1.72378e-23 1.37397e-21 -2.03083e-20 2.75629e-12 5.20646e-19 2.10302e-21 -6.73436e-23 -8.89574e-22 -6.69121e-23 -2.53901e-22 1.07089e-22 -2.92047e-23 -8.39907e-22 6.8467e-23 -3.70156e-24 -1.0972e-22 1.72378e-23 3.99101e-22 -7.43742e-22 -9.71822e-22 2.25597e-12 -6.43417e-19 -7.48476e-22 -4.97219e-22 -5.33452e-21 -1.01002e-21 4.23404e-21 8.364e-23 -2.14399e-22 1.64804e-20 6.43627e-22 -1.54153e-23 -5.4321e-22 1.37397e-21 -7.43742e-22 2.56306e-21 -5.71844e-21 -4.50465e-12 7.13825e-18 -5.46283e-20 8.95983e-21 1.06313e-19 1.49305e-20 -6.08187e-20 -3.38883e-21 3.1761e-21 -2.4032e-19 -2.74484e-21 5.14907e-22 1.03546e-20 -2.03083e-20 -9.71822e-22 -5.71844e-21 1.16905e-19
4.07641e+08 19.5304 -6.81441e-06 1.44215e-06 3.39595e-05 3.05512e-06 -2.40207e-06 -8.10826e-07 -4.40613e-07 5.28001e-06 -3.18349e-07 1.76769e-09 7.46309e-08 3.83275e-08 -2.3211e-08 3.27625e-07 -5.25324e-09 19.5304 9.35727e-07 -3.26618e-13 6.91413e-14 1.62751e-12 1.46432e-13 -1.15037e-13 -3.88539e-14 -2.11185e-14 2.53113e-13 -1.5326e-14 8.50531e-17 3.58232e-15 1.83422e-15 -1.11101e-15 1.57387e-14 -2.19364e-16 -6.81441e-06 -3.26618e-13 5.77696e-16 -9.79242e-17 -2.68652e-15 -2.45173e-16 1.38581e-16 6.6373e-17 3.31892e-17 -3.26693e-16 -4.4744e-17 5.25004e-21 2.39697e-18 1.56063e-20 9.94332e-20 8.05824e-18 5.236e-18 1.44215e-06 6.91413e-14 -9.79242e-17 1.67406e-17 4.55073e-16 4.15877e-17 -2.35613e-17 -1.12348e-17 -5.65619e-18 5.59338e-17 7.08381e-18 -4.17672e-23 -3.73511e-19 4.89655e-21 -2.0444e-20 -1.21304e-18 -8.30417e-19 3.39595e-05 1.62751e-12 -2.68652e-15 4.55073e-16 1.25362e-14 1.1412e-15 -6.50356e-16 -3.09397e-16 -1.54764e-16 1.52148e-15 2.10247e-16 -2.77862e-20 -1.15088e-17 1.08106e-19 -5.76742e-19 -3.88531e-17 -2.60877e-17 3.05512e-06 1.46432e-13 -2.45173e-16 4.15877e-17 1.1412e-15 1.04209e-16 -5.86292e-17 -2.82354e-17 -1.40942e-17 1.38924e-16 1.92344e-17 -2.95841e-21 -1.02699e-18 5.70313e-20 -7.29563e-20 -3.47589e-18 -2.51652e-18 -2.40207e-06 -1.15037e-13 1.38581e-16 -2.35613e-17 -6.50356e-16 -5.86292e-17 3.62009e-17 1.59004e-17 8.10388e-18 -7.91507e-17 -9.65685e-18 -1.28778e-21 5.84113e-19 1.35911e-19 -3.62945e-20 1.86123e-18 7.04099e-19 -8.10826e-07 -3.88539e-14 6.6373e-17 -1.12348e-17 -3.09397e-16 -2.82354e-17 1.59004e-17 7.66373e-18 3.81338e-18 -3.75732e-17 -5.34546e-18 1.23185e-21 2.87609e-19 -2.70853e-20 2.51984e-20 9.92033e-19 7.57267e-19 -4.40613e-07 -2.11185e-14 3.31892e-17 -5.65619e-18 -1.54764e-16 -1.40942e-17 8.10388e-18 3.81338e-18 1.94593e-18 -1.8969e-17 -2.4123e-18 -5.19344e-22 1.58503e-19 9.39635e-21 3.90101e-21 4.89122e-19 2.98161e-19 5.28002e-06 2.53113e-13 -3.26693e-16 5.59338e-17 1.52148e-15 1.38924e-16 -7.91507e-17 -3.75732e-17 -1.8969e-17 1.87542e-16 2.34871e-17 5.21529e-22 -1.29638e-18 8.29008e-20 -1.04962e-19 -4.16079e-18 -3.13286e-18 -3.18349e-07 -1.5326e-14 -4.4744e-17 7.08381e-18 2.10247e-16 1.92344e-17 -9.65685e-18 -5.34546e-18 -2.4123e-18 2.34871e-17 6.2228e-18 -5.86932e-21 -2.93959e-19 1.30788e-19 -6.93074e-20 -1.23633e-18 -1.28778e-18 1.76769e-09 8.50531e-17 5.25004e-21 -4.17672e-23 -2.77862e-20 -2.95841e-21 -1.28778e-21 1.23185e-21 -5.19344e-22 5.21529e-22 -5.86932e-21 4.4141e-23 -2.68066e-22 -6.0892e-22 2.3199e-22 1.4162e-21 2.87661e-21 7.46309e-08 3.58232e-15 2.39697e-18 -3.73511e-19 -1.15088e-17 -1.02699e-18 5.84113e-19 2.87609e-19 1.58503e-19 -1.29638e-18 -2.93959e-19 -2.68066e-22 4.80157e-20 2.47357e-21 6.29473e-22 1.37799e-19 8.30355e-20 3.83275e-08 1.83422e-15 1.56063e-20 4.89655e-21 1.08106e-19 5.70313e-20 1.35911e-19 -2.70853e-20 9.39635e-21 8.29008e-20 1.30788e-19 -6.0892e-22 2.47357e-21 3.63528e-20 -1.62609e-20 -1.30169e-20 -1.4683e-19 -2.3211e-08 -1.11101e-15 9.94332e-20 -2.0444e-20 -5.76742e-19 -7.29563e-20 -3.62945e-20 2.51984e-20 3.90101e-21 -1.04962e-19 -6.93074e-20 2.3199e-22 6.29473e-22 -1.62609e-20 7.67748e-21 1.05143e-20 7.0692e-20 3.27625e-07 1.57387e-14 8.05824e-18 -1.21304e-18 -3.88531e-17 -3.47589e-18 1.86123e-18 9.92033e-19 4.89122e-19 -4.16079e-18 -1.23633e-18 1.4162e-21 1.37799e-19 -1.30169e-20 1.05143e-20 5.18529e-19 3.83111e-19 -5.25324e-09 -2.19364e-16 5.236e-18 -8.30417e-19 -2.60877e-17 -2.51652e-18 7.04099e-19 7.57267e-19 2.98161e-19 -3.13286e-18 -1.28778e-18 2.87661e-21 8.30355e-20 -1.4683e-19 7.0692e-20 3.83111e-19 8.22408e-19
2.91841e+09 135.544 5.77106e-07 2.69959e-06 1.743e-06 -2.82125e-08 6.48026e-08 4.24538e-08 2.81257e-07 -4.34348e-07 -1.00892e-08 -7.42281e-10 1.80566e-07 6.45126e-08 1.12881e-08 4.43732e-08 -3.61044e-08 135.544 6.29528e-06 2.68888e-14 1.25675e-13 8.0927e-14 -1.3191e-15 3.03799e-15 1.97415e-15 1.30864e-14 -2.01817e-14 -4.76368e-16 -3.45487e-17 8.40337e-15 2.99324e-15 5.24276e-16 2.05952e-15 -1.67516e-15 5.77107e-07 2.68888e-14 1.18389e-17 4.75026e-17 -8.16466e-18 7.42429e-19 -3.96427e-18 9.15528e-20 4.14414e-18 1.0957e-20 1.31403e-19 -1.46964e-20 4.1718e-18 5.40311e-19 -1.46304e-20 -1.31821e-20 5.57483e-21 2.6996e-06 1.25675e-13 4.75026e-17 1.93486e-16 -2.73833e-17 3.12192e-18 -1.65345e-17 3.66596e-19 1.68609e-17 6.79396e-20 5.48805e-19 -5.97014e-20 1.70064e-17 2.27489e-18 -5.84927e-20 -5.65881e-20 2.57918e-20 1.743e-06 8.0927e-14 -8.16466e-18 -2.73833e-17 1.63789e-17 -3.23976e-19 1.85998e-18 -5.68986e-20 -2.40716e-18 -3.60015e-20 -5.71937e-20 8.74473e-21 -2.39068e-18 -1.95887e-19 1.02838e-20 2.72223e-21 1.92081e-21 -2.82125e-08 -1.31909e-15 7.42429e-19 3.12192e-18 -3.23976e-19 6.71131e-20 -3.3206e-19 5.2967e-21 2.66773e-19 4.08737e-21 9.68194e-21 -9.40562e-22 2.71328e-19 4.12506e-20 -7.53804e-22 -8.75929e-22 4.59294e-22 6.48023e-08 3.03797e-15 -3.96427e-18 -1.65345e-17 1.85998e-18 -3.3206e-19 1.68018e-18 -2.86543e-20 -1.42225e-18 -2.00076e-20 -5.08152e-20 5.0199e-21 -1.44299e-18 -2.12146e-19 4.28041e-21 4.81685e-21 -2.45987e-21 4.24538e-08 1.97415e-15 9.15528e-20 3.66596e-19 -5.68986e-20 5.2967e-21 -2.86543e-20 9.60616e-22 3.20964e-20 -2.68329e-21 8.29543e-22 -1.12635e-22 3.1641e-20 3.64627e-21 -1.26767e-22 -1.11221e-22 4.39232e-23 2.81258e-07 1.30864e-14 4.14414e-18 1.68609e-17 -2.40716e-18 2.66773e-19 -1.42225e-18 3.20964e-20 1.47489e-18 9.16523e-21 4.65265e-20 -5.23233e-21 1.48733e-18 1.97056e-19 -4.87263e-21 -4.70217e-21 2.21296e-21 -4.34348e-07 -2.01817e-14 1.0957e-20 6.79396e-20 -3.60015e-20 4.08737e-21 -2.00076e-20 -2.68329e-21 9.16523e-21 5.5973e-20 -9.90218e-21 -6.14974e-23 1.6605e-20 2.70821e-21 2.14982e-22 2.39804e-22 -3.37491e-23 -1.00891e-08 -4.76367e-16 1.31403e-19 5.48805e-19 -5.71937e-20 9.68194e-21 -5.08152e-20 8.29543e-22 4.65265e-20 -9.90218e-21 8.18402e-21 -1.63197e-22 4.75527e-20 7.76696e-21 -1.33132e-22 -1.46802e-22 6.309e-23 -7.42282e-10 -3.45487e-17 -1.46964e-20 -5.97014e-20 8.74473e-21 -9.40562e-22 5.0199e-21 -1.12635e-22 -5.23233e-21 -6.14974e-23 -1.63197e-22 1.87587e-23 -5.28332e-21 -6.83357e-22 1.3017e-23 1.43017e-23 -7.38128e-24 1.80566e-07 8.40339e-15 4.1718e-18 1.70064e-17 -2.39068e-18 2.71328e-19 -1.44299e-18 3.1641e-20 1.48733e-18 1.6605e-20 4.75527e-20 -5.28332e-21 1.5039e-18 2.01623e-19 -4.89117e-21 -4.8504e-21 2.35814e-21 6.45127e-08 2.99324e-15 5.40311e-19 2.27489e-18 -1.95887e-19 4.12506e-20 -2.12146e-19 3.64627e-21 1.97056e-19 2.70821e-21 7.76696e-21 -6.83357e-22 2.01623e-19 3.87576e-20 -1.59833e-23 -2.1452e-22 2.69914e-22 1.12881e-08 5.24275e-16 -1.46304e-20 -5.84927e-20 1.02838e-20 -7.53804e-22 4.28041e-21 -1.26767e-22 -4.87263e-21 2.14982e-22 -1.33132e-22 1.3017e-23 -4.89117e-21 -1.59833e-23 3.22283e-22 2.58232e-22 -2.31596e-23 4.43732e-08 2.05952e-15 -1.31821e-20 -5.65881e-20 2.72223e-21 -8.75929e-22 4.81685e-21 -1.11221e-22 -4.70217e-21 2.39804e-22 -1.46802e-22 1.43017e-23 -4.8504e-21 -2.1452e-22 2.58232e-22 5.31022e-22 -3.10604e-22 -3.61043e-08 -1.67516e-15 5.57483e-21 2.57918e-20 1.92081e-21 4.59294e-22 -2.45987e-21 4.39232e-23 2.21296e-21 -3.37491e-23 6.309e-23 -7.38128e-24 2.35814e-21 2.69914e-22 -2.31596e-23 -3.10604e-22 3.35532e-22
2.36391e+16 -163.481 4.35144 3.46156 4.37455 1.15546 18.4858 1.43019 -3.38814 6.52722 -19.1885 -0.173996 3.704 -0.884882 -0.123401 -2.98526e-05 0.000665745 -163.481 3.20192e-09 -8.46805e-11 -6.73518e-11 -8.51006e-11 -2.24439e-11 -3.59318e-10 -2.78122e-11 6.58925e-11 -1.27009e-10 3.73091e-10 3.38466e-12 -7.20505e-11 1.72116e-11 2.39755e-12 -8.22619e-15 -3.55094e-15 4.35143 -8.46805e-11 2.23959e-12 1.78129e-12 2.2507e-12 5.93584e-13 9.50306e-12 7.35564e-13 -1.74269e-12 3.35908e-12 -9.86733e-12 -8.95158e-14 1.90556e-12 -4.55204e-13 -6.34093e-14 2.17592e-16 9.3902e-17 3.46155 -6.73518e-11 1.78129e-12 1.41677e-12 1.79013e-12 4.72116e-13 7.5584e-12 5.85041e-13 -1.38608e-12 2.67169e-12 -7.84812e-12 -7.11977e-14 1.51561e-12 -3.62053e-13 -5.04335e-14 1.73067e-16 7.46799e-17 4.37454 -8.51006e-11 2.2507e-12 1.79013e-12 2.26187e-12 5.9653e-13 9.55022e-12 7.39214e-13 -1.75134e-12 3.37574e-12 -9.91629e-12 -8.996e-14 1.91501e-12 -4.57462e-13 -6.37239e-14 2.18674e-16 9.43529e-17 1.15546 -2.24439e-11 5.93584e-13 4.72116e-13 5.9653e-13 1.57325e-13 2.51871e-12 1.94955e-13 -4.61887e-13 8.90295e-13 -2.61526e-12 -2.37254e-14 5.05052e-13 -1.20648e-13 -1.68061e-14 5.76638e-17 2.48888e-17 18.4858 -3.59318e-10 9.50306e-12 7.5584e-12 9.55022e-12 2.51871e-12 4.03236e-11 3.12116e-12 -7.39463e-12 1.42533e-11 -4.18693e-11 -3.79835e-13 8.08569e-12 -1.93153e-12 -2.6906e-13 9.23211e-16 3.98473e-16 1.43018 -2.78122e-11 7.35564e-13 5.85041e-13 7.39214e-13 1.94955e-13 3.12116e-12 2.41587e-13 -5.72366e-13 1.10325e-12 -3.2408e-12 -2.94003e-14 6.25856e-13 -1.49506e-13 -2.0826e-14 7.14585e-17 3.08426e-17 -3.38814 6.58925e-11 -1.74269e-12 -1.38608e-12 -1.75134e-12 -4.61887e-13 -7.39463e-12 -5.72366e-13 1.35604e-12 -2.6138e-12 7.67808e-12 6.96551e-14 -1.48277e-12 3.54208e-13 4.93408e-14 -1.69302e-16 -7.30715e-17 6.5272 -1.27009e-10 3.35908e-12 2.67169e-12 3.37574e-12 8.90295e-13 1.42533e-11 1.10325e-12 -2.6138e-12 5.03816e-12 -1.47996e-11 -1.34261e-13 2.85807e-12 -6.82743e-13 -9.51052e-14 3.26366e-16 1.40833e-16 -19.1885 3.73091e-10 -9.86733e-12 -7.84812e-12 -9.91629e-12 -2.61526e-12 -4.18693e-11 -3.2408e-12 7.67808e-12 -1.47996e-11 4.34742e-11 3.94395e-13 -8.39563e-12 2.00557e-12 2.79373e-13 -9.58582e-16 -4.13744e-16 -0.173995 3.38466e-12 -8.95158e-14 -7.11977e-14 -8.996e-14 -2.37254e-14 -3.79835e-13 -2.94003e-14 6.96551e-14 -1.34261e-13 3.94395e-13 3.57793e-15 -7.61646e-14 1.81944e-14 2.53445e-15 -8.69645e-18 -3.75341e-18 3.70399 -7.20505e-11 1.90556e-12 1.51561e-12 1.91501e-12 5.05052e-13 8.08569e-12 6.25856e-13 -1.48277e-12 2.85807e-12 -8.39563e-12 -7.61646e-14 1.62134e-12 -3.87311e-13 -5.39519e-14 1.85124e-16 7.98987e-17 -0.88488 1.72116e-11 -4.55204e-13 -3.62053e-13 -4.57462e-13 -1.20648e-13 -1.93153e-12 -1.49506e-13 3.54208e-13 -6.82743e-13 2.00557e-12 1.81944e-14 -3.87311e-13 9.25217e-14 1.28882e-14 -4.42207e-17 -1.90872e-17 -0.123401 2.39755e-12 -6.34093e-14 -5.04335e-14 -6.37239e-14 -1.68061e-14 -2.6906e-13 -2.0826e-14 4.93408e-14 -9.51052e-14 2.79373e-13 2.53445e-15 -5.39519e-14 1.28882e-14 1.7953e-15 -6.15781e-18 -2.66106e-18 -2.98527e-05 -8.22619e-15 2.17592e-16 1.73067e-16 2.18674e-16 5.76638e-17 9.23211e-16 7.14585e-17 -1.69302e-16 3.26366e-16 -9.58582e-16 -8.69645e-18 1.85124e-16 -4.42207e-17 -6.15781e-18 3.07837e-20 2.25337e-21 0.000665745 -3.55094e-15 9.3902e-17 7.46799e-17 9.43529e-17 2.48888e-17 3.98473e-16 3.08426e-17 -7.30715e-17 1.40833e-16 -4.13744e-16 -3.75341e-18 7.98987e-17 -1.90872e-17 -2.66106e-18 2.25337e-21 1.36323e-20
2.6302e+53 -9.96004e+21 1.29343e+16 -2.70274e+16 6.26031e+16 5.09212e+15 -1.8698e+17 1.5441e+16 2.77767e+15 -1.78764e+16 6.149e+15 -1.42957e+13 7.31983e+14 -9.85142e+13 -2.27399e+14 -2.90651e+14 1.08216e+15 -9.96004e+21 3.27255e-07 1.1117e-13 -2.40258e-13 5.30695e-13 5.02028e-14 -1.50986e-12 1.32971e-13 2.60904e-14 -1.69494e-14 3.45453e-14 -9.46938e-16 8.13532e-15 -2.56274e-16 3.59927e-16 3.01254e-15 8.19039e-15 1.29343e+16 1.1117e-13 2.32897e-17 -5.04447e-17 1.11674e-16 1.04569e-17 -3.1861e-16 2.78499e-17 5.46644e-18 -4.67301e-18 6.74219e-18 -1.88561e-19 1.76146e-18 -5.36594e-20 2.01012e-20 4.97582e-19 1.71265e-18 -2.70274e+16 -2.40258e-13 -5.04447e-17 1.09286e-16 -2.41943e-16 -2.26631e-17 6.901e-16 -6.03382e-17 -1.18443e-17 1.00665e-17 -1.46094e-17 4.08787e-19 -3.82176e-18 1.16342e-19 -4.4543e-20 -1.08322e-18 -3.72161e-18 6.26031e+16 5.30695e-13 1.11674e-16 -2.41943e-16 5.35718e-16 5.01754e-17 -1.52814e-15 1.33593e-16 2.62187e-17 -2.25238e-17 3.23317e-17 -9.02963e-19 8.48898e-18 -2.62461e-19 8.57515e-20 2.3868e-18 8.29036e-18 5.09212e+15 5.02028e-14 1.04569e-17 -2.26631e-17 5.01754e-17 4.71112e-18 -1.42992e-16 1.25205e-17 2.45816e-18 -2.03797e-18 3.04411e-18 -8.5083e-20 7.9786e-19 -2.43333e-20 8.87394e-21 2.25434e-19 7.78301e-19 -1.8698e+17 -1.50986e-12 -3.1861e-16 6.901e-16 -1.52814e-15 -1.42992e-16 4.36173e-15 -3.80958e-16 -7.47538e-17 6.51528e-17 -9.20267e-17 2.56719e-18 -2.42704e-17 7.57502e-19 -2.18309e-19 -6.79013e-18 -2.37871e-17 1.5441e+16 1.32971e-13 2.78499e-17 -6.03382e-17 1.33593e-16 1.25205e-17 -3.80958e-16 3.33291e-17 6.54182e-18 -5.58253e-18 8.07038e-18 -2.25701e-19 2.10933e-18 -6.4622e-20 2.3786e-20 5.96322e-19 2.0526e-18 2.77767e+15 2.60904e-14 5.46644e-18 -1.18443e-17 2.62187e-17 2.45816e-18 -7.47538e-17 6.54182e-18 1.28476e-18 -1.08089e-18 1.58446e-18 -4.44226e-20 4.12708e-19 -1.21808e-20 5.89967e-21 1.18799e-19 4.0087e-19 -1.78764e+16 -1.69494e-14 -4.67301e-18 1.00665e-17 -2.25238e-17 -2.03797e-18 6.51528e-17 -5.58253e-18 -1.08089e-18 2.08334e-18 -1.28822e-18 2.95464e-20 -3.78499e-19 1.87786e-20 1.89486e-20 -7.82224e-20 -4.30427e-19 6.149e+15 3.45453e-14 6.74219e-18 -1.46094e-17 3.23317e-17 3.04411e-18 -9.20267e-17 8.07038e-18 1.58446e-18 -1.28822e-18 2.02607e-18 -5.51216e-20 5.12987e-19 -1.56762e-20 7.48706e-21 1.49717e-19 5.03335e-19 -1.42957e+13 -9.46938e-16 -1.88561e-19 4.08787e-19 -9.02963e-19 -8.5083e-20 2.56719e-18 -2.25701e-19 -4.44226e-20 2.95464e-20 -5.51216e-20 1.59758e-21 -1.36488e-20 3.49337e-22 -4.13185e-22 -4.18101e-21 -1.2505e-20 7.31983e+14 8.13532e-15 1.76146e-18 -3.82176e-18 8.48898e-18 7.9786e-19 -2.42704e-17 2.10933e-18 4.12708e-19 -3.78499e-19 5.12987e-19 -1.36488e-20 1.57114e-19 -6.19704e-21 -4.58505e-21 3.51542e-20 1.6829e-19 -9.85142e+13 -2.56274e-16 -5.36594e-20 1.16342e-19 -2.62461e-19 -2.43333e-20 7.57502e-19 -6.4622e-20 -1.21808e-20 1.87786e-20 -1.56762e-20 3.49337e-22 -6.19704e-21 8.41594e-22 1.2445e-21 -1.90451e-22 -7.804e-21 -2.27399e+14 3.59927e-16 2.01012e-20 -4.4543e-20 8.57515e-20 8.87394e-21 -2.18309e-19 2.3786e-20 5.89967e-21 1.89486e-20 7.48706e-21 -4.13185e-22 -4.58505e-21 1.2445e-21 3.8837e-21 6.12584e-21 -5.14436e-21 -2.90651e+14 3.01254e-15 4.97582e-19 -1.08322e-18 2.3868e-18 2.25434e-19 -6.79013e-18 5.96322e-19 1.18799e-19 -7.82224e-20 1.49717e-19 -4.18101e-21 3.51542e-20 -1.90451e-22 6.12584e-21 2.527e-20 4.50958e-20 1.08216e+15 8.19039e-15 1.71265e-18 -3.72161e-18 8.29036e-18 7.78301e-19 -2.37871e-17 2.0526e-18 4.0087e-19 -4.30427e-19 5.03335e-19 -1.2505e-20 1.6829e-19 -7.804e-21 -5.14436e-21 4.50958e-20 2.06647e-19
1.07624e-17 -4.96616e-17 -6.29012e-20 -2.96176e-20 2.9984e-20 -8.74638e-21 -2.06167e-19 3.33632e-21 3.85248e-21 4.77848e-20 -2.95966e-21 -9.47308e-22 2.64252e-20 -4.61748e-21 2.55672e-21 3.08954e-21 1.03325e-20 -4.96616e-17 4.98583e-15 2.52065e-16 1.5703e-16 -6.24218e-17 2.23639e-17 5.03037e-16 -1.07919e-17 -1.4836e-17 -1.75464e-16 2.97288e-17 3.79246e-18 -1.0965e-16 1.93224e-17 -9.24558e-19 9.42031e-18 -2.22328e-17 -6.29012e-20 2.52065e-16 1.34526e-17 8.26202e-18 -3.37713e-18 1.19964e-18 2.72157e-17 -5.76781e-19 -7.86864e-19 -9.44889e-18 1.56872e-18 2.00522e-19 -5.79543e-18 1.01992e-18 -4.94464e-20 4.92801e-19 -1.17333e-18 -2.96176e-20 1.5703e-16 8.26202e-18 5.24662e-18 -1.98071e-18 7.22246e-19 1.60649e-17 -3.51607e-19 -4.86506e-19 -5.68953e-18 9.82997e-19 1.24707e-19 -3.60616e-18 6.36231e-19 -2.93433e-20 3.14135e-19 -7.29605e-19 2.9984e-20 -6.24218e-17 -3.37713e-18 -1.98071e-18 9.21009e-19 -3.14214e-19 -7.28894e-18 1.47076e-19 1.9878e-19 2.42195e-18 -3.86316e-19 -5.03422e-20 1.45506e-18 -2.54995e-19 1.30224e-20 -1.20939e-19 2.95476e-19 -8.74638e-21 2.23639e-17 1.19964e-18 7.22246e-19 -3.14214e-19 1.11907e-19 2.53457e-18 -5.16215e-20 -7.18375e-20 -8.26492e-19 1.24914e-19 1.79251e-20 -5.15565e-19 8.88472e-20 -3.50555e-21 4.34965e-20 -9.85087e-20 -2.06167e-19 5.03037e-16 2.72157e-17 1.60649e-17 -7.28894e-18 2.53457e-18 5.89514e-17 -1.16292e-18 -1.59905e-18 -1.88174e-17 3.05821e-18 4.05799e-19 -1.17163e-17 2.05177e-18 -9.74839e-20 9.876e-19 -2.34757e-18 3.33632e-21 -1.07919e-17 -5.76781e-19 -3.51607e-19 1.47076e-19 -5.16215e-20 -1.16292e-18 2.55508e-20 3.4148e-20 4.24778e-19 -6.35753e-20 -8.52245e-21 2.45921e-19 -4.29724e-20 1.9742e-21 -2.0773e-20 4.8894e-20 3.85248e-21 -1.4836e-17 -7.86864e-19 -4.86506e-19 1.9878e-19 -7.18375e-20 -1.59905e-18 3.4148e-20 4.7618e-20 5.4575e-19 -8.23914e-20 -1.18403e-20 3.40746e-19 -5.88392e-20 2.07314e-21 -2.99137e-20 6.48055e-20 4.77848e-20 -1.75464e-16 -9.44889e-18 -5.68953e-18 2.42195e-18 -8.26492e-19 -1.88174e-17 4.24778e-19 5.4575e-19 7.45652e-18 -1.15913e-18 -1.37087e-19 3.96631e-18 -7.00586e-19 3.30901e-20 -3.44421e-19 8.06966e-19 -2.95966e-21 2.97288e-17 1.56872e-18 9.82997e-19 -3.86316e-19 1.24914e-19 3.05821e-18 -6.35753e-20 -8.23914e-20 -1.15913e-18 3.31126e-19 2.46928e-20 -7.33363e-19 1.44018e-19 -1.06758e-20 7.28793e-20 -1.88395e-19 -9.47308e-22 3.79246e-18 2.00522e-19 1.24707e-19 -5.03422e-20 1.79251e-20 4.05799e-19 -8.52245e-21 -1.18403e-20 -1.37087e-19 2.46928e-20 3.06563e-21 -8.87414e-20 1.57663e-20 -7.68079e-22 7.6854e-21 -1.82237e-20 2.64252e-20 -1.0965e-16 -5.79543e-18 -3.60616e-18 1.45506e-18 -5.15565e-19 -1.17163e-17 2.45921e-19 3.40746e-19 3.96631e-18 -7.33363e-19 -8.87414e-20 2.57443e-18 -4.59551e-19 2.36829e-20 -2.24326e-19 5.39122e-19 -4.61748e-21 1.93224e-17 1.01992e-18 6.36231e-19 -2.54995e-19 8.88472e-20 2.05177e-18 -4.29724e-20 -5.88392e-20 -7.00586e-19 1.44018e-19 1.57663e-20 -4.59551e-19 8.42951e-20 -4.92624e-21 4.04553e-20 -1.01451e-19 2.55672e-21 -9.24558e-19 -4.94464e-20 -2.93433e-20 1.30224e-20 -3.50555e-21 -9.74839e-20 1.9742e-21 2.07314e-21 3.30901e-20 -1.06758e-20 -7.68079e-22 2.36829e-20 -4.92624e-21 1.45617e-21 2.3247e-22 9.83344e-21 3.08954e-21 9.42031e-18 4.92801e-19 3.14135e-19 -1.20939e-19 4.34965e-20 9.876e-19 -2.0773e-20 -2.99137e-20 -3.44421e-19 7.28793e-20 7.6854e-21 -2.24326e-19 4.04553e-20 2.3247e-22 2.94108e-20 -4.32037e-20 1.03325e-20 -2.22328e-17 -1.17333e-18 -7.29605e-19 2.95476e-19 -9.85087e-20 -2.34757e-18 4.8894e-20 6.48055e-20 8.06966e-19 -1.88395e-19 -1.82237e-20 5.39122e-19 -1.01451e-19 9.83344e-21 -4.32037e-20 1.38591e-19
1.63297e-07 -8.75115e-07 1.62019e-08 -3.06682e-11 3.17317e-12 -1.04535e-11 4.41895e-13 1.07968e-13 -1.22755e-13 2.67999e-14 3.46308e-13 1.00803e-15 8.37791e-14 2.25223e-14 4.27079e-14 -3.41307e-14 2.77809e-14 -8.75115e-07 4.69001e-06 -8.68085e-08 1.64529e-10 -1.70236e-11 5.60811e-11 -2.37102e-12 -5.79303e-13 6.58618e-13 -1.42897e-13 -1.85907e-12 -5.41077e-15 -4.49554e-13 -1.20823e-13 -2.29124e-13 1.8314e-13 -1.48962e-13 1.62019e-08 -8.68085e-08 1.61517e-09 -3.02532e-12 3.13027e-13 -1.0312e-12 4.36658e-14 1.06304e-14 -1.20808e-14 2.64475e-15 3.41152e-14 9.93119e-17 8.24486e-15 2.21679e-15 4.20341e-15 -3.35853e-15 2.7307e-15 -3.06682e-11 1.64529e-10 -3.02532e-12 1.56793e-14 -1.62733e-15 5.34251e-15 -2.33448e-16 -5.56156e-17 6.28629e-17 -3.19628e-19 -1.9117e-16 -5.77081e-19 -4.10955e-17 -1.25511e-17 -2.30149e-17 1.87883e-17 -1.43631e-17 3.17317e-12 -1.70236e-11 3.13027e-13 -1.62733e-15 1.70279e-16 -5.54149e-16 2.553e-17 5.88581e-18 -6.62531e-18 -3.89043e-18 2.3464e-17 7.833e-20 3.90155e-18 1.5434e-18 2.78002e-18 -2.31903e-18 1.65031e-18 -1.04535e-11 5.60811e-11 -1.0312e-12 5.34251e-15 -5.54149e-16 1.82083e-15 -7.74393e-17 -1.87004e-17 2.13398e-17 -1.31427e-18 -6.22868e-17 -1.88257e-19 -1.41914e-17 -4.18928e-18 -7.69518e-18 6.24829e-18 -4.85903e-18 4.41895e-13 -2.37102e-12 4.36658e-14 -2.33448e-16 2.553e-17 -7.74393e-17 1.49212e-17 2.03743e-18 -1.25539e-18 -6.76517e-18 1.7997e-17 5.20421e-20 -3.45394e-19 5.61265e-19 1.01685e-18 -1.04455e-18 2.96277e-19 1.07968e-13 -5.79303e-13 1.06304e-14 -5.56156e-17 5.88581e-18 -1.87004e-17 2.03743e-18 4.10207e-19 -3.35899e-19 -5.38855e-19 2.50585e-18 6.4302e-21 1.09085e-19 8.81794e-20 1.62927e-19 -1.5312e-19 7.23233e-20 -1.22755e-13 6.58618e-13 -1.20808e-14 6.28629e-17 -6.62531e-18 2.13398e-17 -1.25539e-18 -3.35899e-19 3.47447e-19 3.02173e-19 -1.58002e-18 -4.49154e-21 -1.87956e-19 -7.69155e-20 -1.44739e-19 1.27343e-19 -8.33463e-20 2.67999e-14 -1.42897e-13 2.64475e-15 -3.19628e-19 -3.89043e-18 -1.31427e-18 -6.76517e-18 -5.38855e-19 3.02173e-19 1.63217e-17 -1.60919e-17 -7.10001e-20 1.51237e-18 -9.07373e-19 -1.46031e-18 1.39684e-18 -5.54289e-19 3.46308e-13 -1.85907e-12 3.41152e-14 -1.9117e-16 2.3464e-17 -6.22868e-17 1.7997e-17 2.50585e-18 -1.58002e-18 -1.60919e-17 2.78818e-17 9.25992e-20 -1.07346e-18 1.07934e-18 1.86958e-18 -1.85621e-18 6.3173e-19 1.00803e-15 -5.41077e-15 9.93119e-17 -5.77081e-19 7.833e-20 -1.88257e-19 5.20421e-20 6.4302e-21 -4.49154e-21 -7.10001e-20 9.25992e-20 3.76002e-22 -5.63207e-21 4.68861e-21 7.82582e-21 -7.53926e-21 2.89356e-21 8.37791e-14 -4.49554e-13 8.24486e-15 -4.10955e-17 3.90155e-18 -1.41914e-17 -3.45394e-19 1.09085e-19 -1.87956e-19 1.51237e-18 -1.07346e-18 -5.63207e-21 3.46065e-19 -6.89762e-20 -8.74067e-20 8.78996e-20 -2.12855e-20 2.25223e-14 -1.20823e-13 2.21679e-15 -1.25511e-17 1.5434e-18 -4.18928e-18 5.61265e-19 8.81794e-20 -7.69155e-20 -9.07373e-19 1.07934e-18 4.68861e-21 -6.89762e-20 7.90322e-20 1.17596e-19 -1.03897e-19 5.61904e-20 4.27079e-14 -2.29124e-13 4.20341e-15 -2.30149e-17 2.78002e-18 -7.69518e-18 1.01685e-18 1.62927e-19 -1.44739e-19 -1.46031e-18 1.86958e-18 7.82582e-21 -8.74067e-20 1.17596e-19 1.89033e-19 -1.70754e-19 8.97207e-20 -3.41307e-14 1.8314e-13 -3.35853e-15 1.87883e-17 -2.31903e-18 6.24829e-18 -1.04455e-18 -1.5312e-19 1.27343e-19 1.39684e-18 -1.85621e-18 -7.53926e-21 8.78996e-20 -1.03897e-19 -1.70754e-19 1.61192e-19 -7.43722e-20 2.77809e-14 -1.48962e-13 2.7307e-15 -1.43631e-17 1.65031e-18 -4.85903e-18 2.96277e-19 7.23233e-20 -8.33463e-20 -5.54289e-19 6.3173e-19 2.89356e-21 -2.12855e-20 5.61904e-20 8.97207e-20 -7.43722e-20 6.09537e-20
4.37894e-09 -8.54084e-08 -1.75747e-09 5.28051e-11 -1.82154e-09 7.24617e-10 -2.31644e-09 -2.97128e-10 -2.0316e-10 -9.50083e-09 1.36084e-09 -5.27165e-14 1.54237e-12 2.50375e-13 1.54849e-13 1.03813e-12 -1.25757e-12 -8.54084e-08 1.66584e-06 3.42784e-08 -1.02993e-09 3.55279e-08 -1.41332e-08 4.51806e-08 5.79529e-09 3.96251e-09 1.85308e-07 -2.65423e-08 1.0282e-12 -3.00829e-11 -4.8834e-12 -3.02022e-12 -2.0248e-11 2.4528e-11 -1.75747e-09 3.42784e-08 7.05357e-10 -2.11932e-11 7.31068e-10 -2.90823e-10 9.29694e-10 1.19251e-10 8.15377e-11 3.81313e-09 -5.46169e-10 2.11576e-14 -6.19024e-13 -1.00487e-13 -6.2148e-14 -4.16649e-13 5.0472e-13 5.28051e-11 -1.02993e-09 -2.11932e-11 6.36773e-13 -2.19657e-11 8.73808e-12 -2.79336e-11 -3.58303e-12 -2.44989e-12 -1.14569e-10 1.64102e-11 -6.35699e-16 1.85991e-14 3.01923e-15 1.86729e-15 1.25186e-14 -1.51648e-14 -1.82154e-09 3.55279e-08 7.31068e-10 -2.19657e-11 7.57717e-10 -3.01424e-10 9.63583e-10 1.23598e-10 8.45099e-11 3.95213e-09 -5.66078e-10 2.19288e-14 -6.41589e-13 -1.0415e-13 -6.44134e-14 -4.31837e-13 5.23119e-13 7.24617e-10 -1.41332e-08 -2.90823e-10 8.73808e-12 -3.01424e-10 1.19908e-10 -3.83318e-10 -4.91681e-11 -3.36185e-11 -1.57218e-09 2.25189e-10 -8.7234e-15 2.55227e-13 4.14314e-14 2.5624e-14 1.71787e-13 -2.08099e-13 -2.31644e-09 4.51806e-08 9.29694e-10 -2.79336e-11 9.63583e-10 -3.83318e-10 1.22538e-09 1.57179e-10 1.07471e-10 5.02589e-09 -7.19877e-10 2.78867e-14 -8.15903e-13 -1.32447e-13 -8.1914e-14 -5.49164e-13 6.65246e-13 -2.97128e-10 5.79529e-09 1.19251e-10 -3.58303e-12 1.23598e-10 -4.91681e-11 1.57179e-10 2.01613e-11 1.37852e-11 6.44668e-10 -9.23382e-11 3.57702e-15 -1.04656e-13 -1.69889e-14 -1.05071e-14 -7.0441e-14 8.53308e-14 -2.0316e-10 3.96251e-09 8.15377e-11 -2.44989e-12 8.45099e-11 -3.36185e-11 1.07471e-10 1.37852e-11 9.42558e-12 4.40789e-10 -6.31359e-11 2.44577e-15 -7.15578e-14 -1.16161e-14 -7.18417e-15 -4.81637e-14 5.83446e-14 -9.50083e-09 1.85308e-07 3.81313e-09 -1.14569e-10 3.95213e-09 -1.57218e-09 5.02589e-09 6.44668e-10 4.40789e-10 2.06136e-08 -2.95257e-09 1.14377e-13 -3.34642e-12 -5.43229e-13 -3.3597e-13 -2.25239e-12 2.7285e-12 1.36084e-09 -2.65423e-08 -5.46169e-10 1.64102e-11 -5.66078e-10 2.25189e-10 -7.19877e-10 -9.23382e-11 -6.31359e-11 -2.95257e-09 4.22907e-10 -1.63827e-14 4.7932e-13 7.78088e-14 4.81222e-14 3.22618e-13 -3.90813e-13 -5.27165e-14 1.0282e-12 2.11576e-14 -6.35699e-16 2.19288e-14 -8.7234e-15 2.78867e-14 3.57702e-15 2.44577e-15 1.14377e-13 -1.63827e-14 6.3465e-19 -1.85685e-17 -3.01419e-18 -1.86418e-18 -1.24978e-17 1.51397e-17 1.54237e-12 -3.00829e-11 -6.19024e-13 1.85991e-14 -6.41589e-13 2.55227e-13 -8.15903e-13 -1.04656e-13 -7.15578e-14 -3.34642e-12 4.7932e-13 -1.85685e-17 5.43293e-16 8.81873e-17 5.45378e-17 3.65655e-16 -4.42955e-16 2.50375e-13 -4.8834e-12 -1.00487e-13 3.01923e-15 -1.0415e-13 4.14314e-14 -1.32447e-13 -1.69889e-14 -1.16161e-14 -5.43229e-13 7.78088e-14 -3.01419e-18 8.81873e-17 1.43172e-17 8.85495e-18 5.93577e-17 -7.19025e-17 1.54849e-13 -3.02022e-12 -6.2148e-14 1.86729e-15 -6.44134e-14 2.5624e-14 -8.1914e-14 -1.05071e-14 -7.18417e-15 -3.3597e-13 4.81222e-14 -1.86418e-18 5.45378e-17 8.85495e-18 5.47903e-18 3.67141e-17 -4.44669e-17 1.03813e-12 -2.0248e-11 -4.16649e-13 1.25186e-14 -4.31837e-13 1.71787e-13 -5.49164e-13 -7.0441e-14 -4.81637e-14 -2.25239e-12 3.22618e-13 -1.24978e-17 3.65655e-16 5.93577e-17 3.67141e-17 2.46124e-16 -2.9814e-16 -1.25757e-12 2.4528e-11 5.0472e-13 -1.51648e-14 5.23119e-13 -2.08099e-13 6.65246e-13 8.53308e-14 5.83446e-14 2.7285e-12 -3.90813e-13 1.51397e-17 -4.42955e-16 -7.19025e-17 -4.44669e-17 -2.9814e-16 3.61171e-16
