57.0968 2.04759e-10 -1.9622e-11 -1.75573e-11 1.14938e-11 -5.53356e-13 1.60883e-13 8.56188e-13 2.85036e-12 6.36153e-13 -3.07258e-13 4.74369e-13 7.75447e-14 3.11284e-16 2.04759e-10 8.8527e-19 2.22874e-19 -1.11104e-20 1.32176e-20 -4.43327e-22 -1.17081e-21 4.9192e-21 1.44615e-20 2.98857e-21 -6.05938e-23 2.27946e-22 2.85756e-23 1.71328e-25 -1.9622e-11 2.22874e-19 1.29904e-19 -1.41949e-21 3.76126e-21 -1.54332e-22 -3.68337e-22 1.48251e-21 4.41274e-21 8.37341e-22 -2.44516e-23 7.0339e-23 1.01836e-23 9.33225e-26 -1.75573e-11 -1.11104e-20 -1.41949e-21 1.65779e-21 -1.52007e-21 3.33964e-23 8.42444e-23 -3.38351e-22 -9.92931e-22 -2.08614e-22 1.42733e-24 -1.37915e-23 -2.37488e-24 4.93717e-27 1.14938e-11 1.32176e-20 3.76126e-21 -1.52007e-21 1.90163e-21 -2.01923e-23 -9.7086e-23 3.86765e-22 1.13599e-21 2.33229e-22 6.44896e-26 1.20602e-23 2.34166e-24 -3.08669e-27 -5.53356e-13 -4.43327e-22 -1.54332e-22 3.33964e-23 -2.01923e-23 1.00109e-23 6.51454e-24 -1.78015e-23 -5.12287e-23 -1.20222e-23 1.95974e-25 -9.35695e-25 -1.27533e-25 -4.42042e-28 1.60883e-13 -1.17081e-21 -3.68337e-22 8.42444e-23 -9.7086e-23 6.51454e-24 1.23473e-23 -3.94571e-23 -1.14825e-22 -2.34028e-23 2.25604e-25 -1.52711e-24 -2.21805e-25 2.66749e-28 8.56188e-13 4.9192e-21 1.48251e-21 -3.38351e-22 3.86765e-22 -1.78015e-23 -3.94571e-23 1.5799e-22 4.61886e-22 9.67044e-23 -1.54789e-24 6.52777e-24 8.93893e-25 3.78169e-28 2.85036e-12 1.44615e-20 4.41274e-21 -9.92931e-22 1.13599e-21 -5.12287e-23 -1.14825e-22 4.61886e-22 1.36119e-21 2.78249e-22 -5.0322e-24 2.07475e-23 2.85997e-24 1.32852e-27 6.36153e-13 2.98857e-21 8.37341e-22 -2.08614e-22 2.33229e-22 -1.20222e-23 -2.34028e-23 9.67044e-23 2.78249e-22 6.49696e-23 -3.06823e-25 3.79392e-24 4.8048e-25 2.50675e-28 -3.07258e-13 -6.05938e-23 -2.44516e-23 1.42733e-24 6.44896e-26 1.95974e-25 2.25604e-25 -1.54789e-24 -5.0322e-24 -3.06823e-25 9.38562e-25 -9.67866e-25 -2.4047e-26 -2.68754e-29 4.74369e-13 2.27946e-22 7.0339e-23 -1.37915e-23 1.20602e-23 -9.35695e-25 -1.52711e-24 6.52777e-24 2.07475e-23 3.79392e-24 -9.67866e-25 2.0524e-24 2.46111e-25 1.64696e-28 7.75447e-14 2.85756e-23 1.01836e-23 -2.37488e-24 2.34166e-24 -1.27533e-25 -2.21805e-25 8.93893e-25 2.85997e-24 4.8048e-25 -2.4047e-26 2.46111e-25 8.84352e-26 2.48551e-28 3.11284e-16 1.71328e-25 9.33225e-26 4.93717e-27 -3.08669e-27 -4.42042e-28 2.66749e-28 3.78169e-28 1.32852e-27 2.50675e-28 -2.68754e-29 1.64696e-28 2.48551e-28 2.41038e-29
1.22614e+07 -0.00809237 1.04624e-05 -1.17217e-08 1.45975e-08 -9.80348e-09 8.70142e-09 -3.49844e-09 -3.33972e-10 -2.03269e-10 1.3765e-10 -9.42873e-11 -3.42027e-10 -5.01603e-12 -0.00809237 5.50301e-10 1.658e-13 -3.28949e-16 3.78021e-16 -3.1233e-16 2.3637e-16 -7.36883e-17 5.12823e-18 5.04972e-18 1.9666e-19 -8.12512e-19 -3.56588e-18 -1.17502e-20 1.04624e-05 1.658e-13 2.55845e-14 -4.92582e-18 7.09735e-18 -5.11866e-18 4.04515e-18 -1.08442e-18 -1.43762e-19 8.48389e-20 -2.45412e-20 -1.15083e-20 -6.59173e-20 1.62866e-21 -1.17217e-08 -3.28949e-16 -4.92582e-18 3.21054e-20 -4.24354e-20 3.32657e-20 -2.43322e-20 7.05721e-21 1.67072e-22 -4.77935e-22 5.06329e-23 5.89733e-23 3.09243e-22 -4.38332e-24 1.45975e-08 3.78021e-16 7.09735e-18 -4.24354e-20 6.06022e-20 -4.61586e-20 3.38535e-20 -9.86064e-21 -2.14486e-22 7.00084e-22 -8.06209e-23 -8.03424e-23 -4.19488e-22 5.78625e-24 -9.80348e-09 -3.1233e-16 -5.11866e-18 3.32657e-20 -4.61586e-20 3.57581e-20 -2.60489e-20 7.54062e-21 1.52999e-22 -5.16798e-22 5.85424e-23 6.15632e-23 3.21975e-22 -4.7464e-24 8.70142e-09 2.3637e-16 4.04515e-18 -2.43322e-20 3.38535e-20 -2.60489e-20 1.92323e-20 -5.60928e-21 -1.39512e-22 3.91709e-22 -3.99212e-23 -4.60744e-23 -2.38428e-22 3.18255e-24 -3.49844e-09 -7.36883e-17 -1.08442e-18 7.05721e-21 -9.86064e-21 7.54062e-21 -5.60928e-21 1.72354e-21 8.80452e-25 -1.13431e-22 6.48762e-24 1.00077e-23 5.46498e-23 -8.10937e-25 -3.33972e-10 5.12823e-18 -1.43762e-19 1.67072e-22 -2.14486e-22 1.52999e-22 -1.39512e-22 8.80452e-25 6.99054e-23 2.77039e-24 4.42895e-24 3.48489e-24 1.44819e-23 -1.77281e-25 -2.03269e-10 5.04972e-18 8.48389e-20 -4.77935e-22 7.00084e-22 -5.16798e-22 3.91709e-22 -1.13431e-22 2.77039e-24 3.65364e-23 5.66127e-25 -1.43468e-24 -7.99238e-24 -3.21098e-26 1.3765e-10 1.9666e-19 -2.45412e-20 5.06329e-23 -8.06209e-23 5.85424e-23 -3.99212e-23 6.48762e-24 4.42895e-24 5.66127e-25 2.63086e-24 5.03638e-25 1.24543e-24 -6.49118e-26 -9.42873e-11 -8.12512e-19 -1.15083e-20 5.89733e-23 -8.03424e-23 6.15632e-23 -4.60744e-23 1.00077e-23 3.48489e-24 -1.43468e-24 5.03638e-25 6.29713e-25 2.2527e-24 -1.41107e-26 -3.42027e-10 -3.56588e-18 -6.59173e-20 3.09243e-22 -4.19488e-22 3.21975e-22 -2.38428e-22 5.46498e-23 1.44819e-23 -7.99238e-24 1.24543e-24 2.2527e-24 1.07525e-23 -9.95962e-26 -5.01603e-12 -1.17502e-20 1.62866e-21 -4.38332e-24 5.78625e-24 -4.7464e-24 3.18255e-24 -8.10937e-25 -1.77281e-25 -3.21098e-26 -6.49118e-26 -1.41107e-26 -9.95962e-26 1.66864e-26
2.71618e+09 9.40864e-13 -17.3614 -2.13682e-12 -0.0367833 1.19559e-13 -5.19578e-06 -1.49578e-14 3.30892e-07 3.76667e-16 -8.9934e-07 -9.66303e-15 -7.48237e-09 4.83234e-15 2.58471e-08 -2.98744e-16 -3.30125e-08 3.55743e-17 -1.0069e-07 -9.04194e-18 -4.70491e-09 -8.17527e-17 -6.30366e-09 3.16693e-17 6.9018e-09 1.92733e-19 1.23947e-11 1.43356e-19 -17.3614 -2.13682e-12 1.11031e-07 4.85297e-12 2.44932e-10 -2.71536e-13 3.06448e-14 3.39712e-14 -1.97937e-15 -8.55484e-16 5.30502e-15 2.1946e-14 3.85413e-17 -1.09748e-14 -1.58446e-16 6.785e-16 1.96099e-16 -8.07946e-17 6.04262e-16 2.05336e-17 3.16914e-17 1.85668e-16 4.10407e-17 -7.19238e-17 -4.46624e-17 -4.37395e-19 -1.52821e-19 -3.2556e-19 -0.0367833 1.19559e-13 2.44932e-10 -2.71536e-13 4.54283e-11 1.51952e-14 1.06246e-15 -1.90091e-15 -5.47973e-17 4.78597e-17 1.80873e-16 -1.22801e-15 5.35333e-18 6.14099e-16 -7.6453e-19 -3.79732e-17 6.42174e-18 4.5199e-18 1.41279e-17 -1.14877e-18 -9.5698e-19 -1.03875e-17 -6.41283e-19 4.02368e-18 -1.59848e-19 2.43347e-20 -1.32235e-19 1.82138e-20 -5.19578e-06 -1.49578e-14 3.06448e-14 3.39712e-14 1.06246e-15 -1.90091e-15 3.05141e-16 2.37823e-16 -1.57529e-17 -5.98534e-18 5.20638e-17 1.53638e-16 1.11624e-18 -7.6832e-17 -6.71043e-19 4.75002e-18 1.79309e-18 -5.65345e-19 4.75472e-18 1.43833e-19 -3.90502e-20 1.29977e-18 -2.00253e-20 -5.03495e-19 -1.87186e-20 -3.07576e-21 -3.39682e-21 -2.28006e-21 3.30892e-07 3.76667e-16 -1.97937e-15 -8.55484e-16 -5.47973e-17 4.78597e-17 -1.57529e-17 -5.98534e-18 8.1874e-19 1.51808e-19 -2.68784e-18 -3.86616e-18 -5.75338e-20 1.93323e-18 3.48525e-20 -1.19654e-19 -9.26809e-20 1.43223e-20 -2.45541e-19 -3.57924e-21 2.08594e-21 -3.2702e-20 1.08808e-21 1.26714e-20 9.55611e-22 7.16178e-23 1.76032e-22 5.6947e-23 -8.9934e-07 -9.66303e-15 5.30502e-15 2.1946e-14 1.80873e-16 -1.22801e-15 5.20638e-17 1.53638e-16 -2.68784e-18 -3.86616e-18 8.88416e-18 9.92537e-17 1.90442e-19 -4.96354e-17 -1.14504e-19 3.06848e-18 3.05967e-19 -3.65179e-19 8.11321e-19 9.29462e-20 -6.67287e-21 8.39699e-19 -3.42223e-21 -3.25273e-19 -3.19387e-21 -1.99093e-21 -5.78982e-22 -1.47324e-21 -7.48237e-09 4.83234e-15 3.85413e-17 -1.09748e-14 5.35333e-18 6.14099e-16 1.11624e-18 -7.6832e-17 -5.75338e-20 1.93323e-18 1.90442e-19 -4.96354e-17 4.23625e-21 2.48221e-17 -2.27857e-21 -1.53441e-18 6.56316e-21 1.826e-19 1.73266e-20 -4.6496e-20 -1.85789e-22 -4.19933e-19 -1.13754e-22 1.62667e-19 -6.07505e-23 9.97705e-22 -1.35497e-23 7.36876e-22 2.58471e-08 -2.98744e-16 -1.58446e-16 6.785e-16 -7.6453e-19 -3.79732e-17 -6.71043e-19 4.75002e-18 3.48525e-20 -1.19654e-19 -1.14504e-19 3.06848e-18 -2.27857e-21 -1.53441e-18 1.72567e-21 9.49346e-20 -3.96909e-21 -1.13033e-20 -1.05638e-20 2.86369e-21 4.61347e-23 2.59512e-20 2.72311e-24 -1.00535e-20 4.67662e-23 -5.98275e-23 5.82576e-24 -4.54572e-23 -3.30125e-08 3.55743e-17 1.96099e-16 -8.07946e-17 6.42174e-18 4.5199e-18 1.79309e-18 -5.65345e-19 -9.26809e-20 1.43223e-20 3.05967e-19 -3.65179e-19 6.56316e-21 1.826e-19 -3.96909e-21 -1.13033e-20 1.0573e-20 1.35744e-21 2.79737e-20 -3.36334e-22 -2.47496e-22 -3.09074e-21 -1.30282e-22 1.19899e-21 -1.07478e-22 6.97052e-24 -2.00528e-23 5.37488e-24 -1.0069e-07 -9.04194e-18 6.04262e-16 2.05336e-17 1.41279e-17 -1.14877e-18 4.75472e-18 1.43833e-19 -2.45541e-19 -3.57924e-21 8.11321e-19 9.29462e-20 1.73266e-20 -4.6496e-20 -1.05638e-20 2.86369e-21 2.79737e-20 -3.36334e-22 7.41957e-20 8.98855e-23 -5.88803e-22 7.86606e-22 -2.92115e-22 -3.03996e-22 -2.9824e-22 -2.09846e-24 -5.24043e-23 -1.40231e-24 -4.70491e-09 -8.17527e-17 3.16914e-17 1.85668e-16 -9.5698e-19 -1.03875e-17 -3.90502e-20 1.29977e-18 2.08594e-21 -3.2702e-20 -6.67287e-21 8.39699e-19 -1.85789e-22 -4.19933e-19 4.61347e-23 2.59512e-20 -2.47496e-22 -3.09074e-21 -5.88803e-22 7.86606e-22 3.92801e-23 7.10665e-21 3.0353e-23 -2.7535e-21 -4.83521e-24 -1.71304e-23 7.71217e-25 -1.24713e-23 -6.30366e-09 3.16693e-17 4.10407e-17 -7.19238e-17 -6.41283e-19 4.02368e-18 -2.00253e-20 -5.03495e-19 1.08808e-21 1.26714e-20 -3.42223e-21 -3.25273e-19 -1.13754e-22 1.62667e-19 2.72311e-24 -1.00535e-20 -1.30282e-22 1.19899e-21 -2.92115e-22 -3.03996e-22 3.0353e-23 -2.7535e-21 2.83271e-23 1.06734e-21 -4.46453e-24 6.67622e-24 8.28545e-25 4.82839e-24 6.9018e-09 1.92733e-19 -4.46624e-17 -4.37395e-19 -1.59848e-19 2.43347e-20 -1.87186e-20 -3.07576e-21 9.55611e-22 7.16178e-23 -3.19387e-21 -1.99093e-21 -6.07505e-23 9.97705e-22 4.67662e-23 -5.98275e-23 -1.07478e-22 6.97052e-24 -2.9824e-22 -2.09846e-24 -4.83521e-24 -1.71304e-23 -4.46453e-24 6.67622e-24 4.77224e-24 1.09039e-25 3.95364e-25 3.24175e-26 1.23947e-11 1.43356e-19 -1.52821e-19 -3.2556e-19 -1.32235e-19 1.82138e-20 -3.39682e-21 -2.28006e-21 1.76032e-22 5.6947e-23 -5.78982e-22 -1.47324e-21 -1.35497e-23 7.36876e-22 5.82576e-24 -4.54572e-23 -2.00528e-23 5.37488e-24 -5.24043e-23 -1.40231e-24 7.71217e-25 -1.24713e-23 8.28545e-25 4.82839e-24 3.95364e-25 3.24175e-26 1.69556e-25 2.21375e-26
2.61243e+12 -16733.6 -8.79835e-05 0.000519309 -2.36804e-06 -3.71712e-06 -1.04779e-06 2.23135e-06 1.73145e-06 -7.78713e-07 5.60773e-08 1.05905e-07 -7.19876e-09 -8.61437e-10 -16733.6 0.000107185 5.63876e-13 -3.32502e-12 1.51612e-14 2.38048e-14 6.70928e-15 -1.42858e-14 -1.10823e-14 4.98654e-15 -3.59766e-16 -6.77981e-16 4.60641e-17 5.52911e-18 -8.79835e-05 5.63876e-13 6.98276e-18 7.57898e-18 -5.01243e-20 -5.44169e-20 -1.69208e-20 3.95143e-20 3.44185e-20 -1.15639e-20 2.83151e-21 5.33621e-21 -3.73207e-23 -4.46144e-25 0.000519309 -3.32502e-12 7.57898e-18 2.60313e-17 -1.90976e-19 -1.8721e-19 -5.69581e-20 1.31981e-19 1.15609e-19 -3.96493e-20 1.04345e-20 1.89366e-20 -1.75136e-22 -5.75353e-26 -2.36804e-06 1.51612e-14 -5.01243e-20 -1.90976e-19 3.94712e-21 3.34175e-21 9.61628e-22 -2.35723e-21 -1.89506e-21 7.36039e-22 -1.52231e-22 -2.64366e-22 3.1696e-24 1.8237e-26 -3.71712e-06 2.38048e-14 -5.44169e-20 -1.8721e-19 3.34175e-21 3.165e-21 9.34858e-22 -2.20237e-21 -1.76647e-21 6.69719e-22 -1.17737e-22 -2.08008e-22 2.82142e-24 2.01882e-26 -1.04779e-06 6.70928e-15 -1.69208e-20 -5.69581e-20 9.61628e-22 9.34858e-22 2.96788e-22 -6.3769e-22 -5.45151e-22 1.71837e-22 -3.34137e-23 -6.08771e-23 1.00688e-24 1.3353e-26 2.23135e-06 -1.42858e-14 3.95143e-20 1.31981e-19 -2.35723e-21 -2.20237e-21 -6.3769e-22 1.66921e-21 1.22896e-21 -5.30995e-22 1.05096e-22 1.79536e-22 -2.44626e-24 -4.85716e-26 1.73145e-06 -1.10823e-14 3.44185e-20 1.15609e-19 -1.89506e-21 -1.76647e-21 -5.45151e-22 1.22896e-21 1.07618e-21 -3.49906e-22 7.78706e-23 1.4667e-22 -2.06296e-24 -2.58459e-26 -7.78713e-07 4.98654e-15 -1.15639e-20 -3.96493e-20 7.36039e-22 6.69719e-22 1.71837e-22 -5.30995e-22 -3.49906e-22 2.08523e-22 -3.17308e-23 -4.79337e-23 4.09223e-25 -1.71454e-27 5.60773e-08 -3.59766e-16 2.83151e-21 1.04345e-20 -1.52231e-22 -1.17737e-22 -3.34137e-23 1.05096e-22 7.78706e-23 -3.17308e-23 1.77667e-23 2.92994e-23 -1.88719e-25 -4.33581e-27 1.05905e-07 -6.77981e-16 5.33621e-21 1.89366e-20 -2.64366e-22 -2.08008e-22 -6.08771e-23 1.79536e-22 1.4667e-22 -4.79337e-23 2.92994e-23 5.43284e-23 -7.20635e-25 -2.10994e-26 -7.19876e-09 4.60641e-17 -3.73207e-23 -1.75136e-22 3.1696e-24 2.82142e-24 1.00688e-24 -2.44626e-24 -2.06296e-24 4.09223e-25 -1.88719e-25 -7.20635e-25 1.03828e-25 6.65297e-27 -8.61437e-10 5.52911e-18 -4.46144e-25 -5.75353e-26 1.8237e-26 2.01882e-26 1.3353e-26 -4.85716e-26 -2.58459e-26 -1.71454e-27 -4.33581e-27 -2.10994e-26 6.65297e-27 1.19675e-27
8.13646e+14 -5.20962e+06 0.0103136 5.56e-05 -0.000238161 0.00094064 -4.62115e-05 -0.000421388 -3.58252e-05 6.02622e-05 4.59708e-06 -7.06849e-07 -1.90738e-07 -3.86161e-08 -5.20962e+06 0.0333562 -6.60358e-11 -3.55995e-13 1.52489e-12 -6.02273e-12 2.95883e-13 2.69806e-12 2.29381e-13 -3.85847e-13 -2.94338e-14 4.52558e-15 1.22118e-15 2.47244e-16 0.0103136 -6.60358e-11 4.90122e-17 3.23188e-19 -1.06844e-18 3.88044e-18 -1.8856e-19 -1.82093e-18 -1.8684e-19 2.76662e-19 1.09197e-20 -1.14201e-21 -4.40707e-23 -2.03182e-22 5.56e-05 -3.55995e-13 3.23188e-19 3.13737e-21 -7.27045e-21 2.73695e-20 -1.30724e-21 -1.21239e-20 -1.25505e-21 1.87412e-21 7.16568e-23 -9.95202e-24 -7.04558e-25 -1.44757e-24 -0.000238161 1.52489e-12 -1.06844e-18 -7.27045e-21 2.50385e-20 -8.94082e-20 4.37395e-21 4.26556e-20 4.38314e-21 -6.47934e-21 -2.55123e-22 2.43727e-23 8.19809e-25 4.60802e-24 0.00094064 -6.02273e-12 3.88044e-18 2.73695e-20 -8.94082e-20 3.26209e-19 -1.59007e-20 -1.52415e-19 -1.55622e-20 2.3215e-20 9.0605e-22 -9.70374e-23 -5.66438e-24 -1.66493e-23 -4.62115e-05 2.95883e-13 -1.8856e-19 -1.30724e-21 4.37395e-21 -1.59007e-20 8.25891e-22 7.51428e-21 7.52552e-22 -1.16377e-21 -3.78642e-23 1.89611e-24 1.2104e-25 9.22734e-25 -0.000421388 2.69806e-12 -1.82093e-18 -1.21239e-20 4.26556e-20 -1.52415e-19 7.51428e-21 7.31741e-20 7.52315e-21 -1.10867e-20 -4.26727e-22 3.69622e-23 1.18837e-24 7.72422e-24 -3.58252e-05 2.29381e-13 -1.8684e-19 -1.25505e-21 4.38314e-21 -1.55622e-20 7.52552e-22 7.52315e-21 8.15648e-22 -1.13472e-21 -3.69041e-23 1.76985e-24 -6.7686e-26 6.83458e-25 6.02622e-05 -3.85847e-13 2.76662e-19 1.87412e-21 -6.47934e-21 2.3215e-20 -1.16377e-21 -1.10867e-20 -1.13472e-21 1.70572e-21 6.39349e-23 -4.7129e-24 -1.40507e-25 -1.21035e-24 4.59708e-06 -2.94338e-14 1.09197e-20 7.16568e-23 -2.55123e-22 9.0605e-22 -3.78642e-23 -4.26727e-22 -3.69041e-23 6.39349e-23 1.27588e-23 -4.57708e-24 -4.09114e-25 -1.6704e-26 -7.06849e-07 4.52558e-15 -1.14201e-21 -9.95202e-24 2.43727e-23 -9.70374e-23 1.89611e-24 3.69622e-23 1.76985e-24 -4.7129e-24 -4.57708e-24 2.76638e-24 4.32484e-25 -4.1665e-27 -1.90738e-07 1.22118e-15 -4.40707e-23 -7.04558e-25 8.19809e-25 -5.66438e-24 1.2104e-25 1.18837e-24 -6.7686e-26 -1.40507e-25 -4.09114e-25 4.32484e-25 1.75746e-25 -3.78999e-27 -3.86161e-08 2.47244e-16 -2.03182e-22 -1.44757e-24 4.60802e-24 -1.66493e-23 9.22734e-25 7.72422e-24 6.83458e-25 -1.21035e-24 -1.6704e-26 -4.1665e-27 -3.78999e-27 2.55918e-26
1.76414e+15 1.62004e-14 -1.12955e+07 -3.64643e-14 0.00114394 2.34323e-15 1.38426e-05 -2.73563e-16 -5.56656e-06 1.52652e-17 -1.6435e-05 -1.7136e-16 -2.30265e-05 7.97278e-17 -8.16633e-06 -1.13126e-17 -5.50898e-06 1.38274e-18 -8.30543e-06 3.61707e-19 3.36383e-06 -1.78748e-18 -8.83894e-06 1.18763e-18 -1.91213e-06 4.47662e-20 -4.84182e-08 -4.57467e-21 -1.12955e+07 -3.64643e-14 0.0723233 8.21138e-14 -7.32441e-12 -5.26852e-15 -8.86318e-14 6.15613e-16 3.56419e-14 -3.421e-17 1.0523e-13 3.85633e-16 1.47435e-13 -1.79528e-16 5.22877e-14 2.53498e-17 3.52731e-14 -3.10256e-18 5.31783e-14 -8.05235e-19 -2.15381e-14 4.01053e-18 5.65943e-14 -2.65777e-18 1.22431e-14 -9.95326e-20 3.10014e-16 1.01746e-20 0.00114394 2.34323e-15 -7.3244e-12 -5.26852e-15 1.11093e-18 3.42112e-16 -6.82446e-21 -3.96868e-17 -5.25209e-21 2.25337e-18 -1.54568e-20 -2.48539e-17 3.2716e-22 1.15355e-17 2.35012e-21 -1.66925e-18 -9.45281e-22 2.03155e-19 3.45961e-21 5.5142e-20 -1.92567e-21 -2.61761e-19 3.53186e-21 1.76049e-19 3.19628e-21 6.87061e-21 8.59755e-25 -6.97847e-22 1.38426e-05 -2.73563e-16 -8.8632e-14 6.15613e-16 -6.82446e-21 -3.96868e-17 6.28908e-22 4.63264e-18 1.58242e-22 -2.59606e-19 -5.90539e-22 2.90136e-18 4.86805e-22 -1.34883e-18 -3.42394e-23 1.92787e-19 7.74516e-23 -2.35121e-20 -7.63272e-23 -6.21532e-21 4.11177e-23 3.03639e-20 -7.59401e-23 -2.02608e-20 -6.72178e-23 -7.7581e-22 4.38295e-27 7.87494e-23 -5.5665e-06 1.52652e-17 3.56415e-14 -3.421e-17 -5.25209e-21 2.25337e-18 1.58242e-22 -2.59606e-19 2.27065e-22 1.52625e-20 5.35266e-22 -1.62503e-19 -2.45234e-22 7.50496e-20 -4.99244e-23 -1.12907e-20 9.53477e-24 1.36047e-21 -6.80375e-23 3.91681e-22 3.80388e-23 -1.74888e-21 -7.17366e-23 1.20124e-21 -6.0794e-23 4.95283e-23 -9.9078e-27 -4.96722e-24 -1.6435e-05 -1.7136e-16 1.0523e-13 3.85633e-16 -1.54568e-20 -2.48539e-17 -5.90539e-22 2.90136e-18 5.35266e-22 -1.62503e-19 4.44974e-21 1.81721e-18 -1.64825e-21 -8.44899e-19 -2.4083e-22 1.20661e-19 -1.0234e-22 -1.47052e-20 -2.71338e-22 -3.88191e-21 1.5362e-22 1.90069e-20 -2.85183e-22 -1.26752e-20 -2.49346e-22 -4.85497e-22 -5.05255e-26 4.92802e-23 -2.30265e-05 7.97278e-17 1.47435e-13 -1.79528e-16 3.2716e-22 1.15355e-17 4.86805e-22 -1.34883e-18 -2.45234e-22 7.50496e-20 -1.64825e-21 -8.44899e-19 1.66853e-21 3.93253e-19 3.3101e-23 -5.56715e-20 1.12779e-22 6.79678e-21 -2.31001e-24 1.76914e-21 -1.75639e-24 -8.79561e-21 4.23216e-24 5.83522e-21 2.78792e-24 2.2078e-22 1.53048e-26 -2.24564e-23 -8.16636e-06 -1.13126e-17 5.22878e-14 2.53498e-17 2.35012e-21 -1.66925e-18 -3.42394e-23 1.92787e-19 -4.99244e-23 -1.12907e-20 -2.4083e-22 1.20661e-19 3.3101e-23 -5.56715e-20 2.65171e-23 8.45632e-21 -4.06245e-24 -1.01537e-21 3.58549e-23 -2.93092e-22 -1.96894e-23 1.30465e-21 3.65104e-23 -9.00897e-22 3.20747e-23 -3.75303e-23 5.48117e-27 3.75178e-24 -5.50898e-06 1.38274e-18 3.52731e-14 -3.10256e-18 -9.45281e-22 2.03155e-19 7.74516e-23 -2.35121e-20 9.53477e-24 1.36047e-21 -1.0234e-22 -1.47052e-20 1.12779e-22 6.79678e-21 -4.06245e-24 -1.01537e-21 3.07577e-23 1.26351e-22 -1.81698e-23 3.57543e-23 9.16801e-24 -1.58562e-22 -1.77699e-23 1.08889e-22 -1.3745e-23 4.25049e-24 4.98863e-27 -4.29328e-25 -8.30544e-06 3.61707e-19 5.31783e-14 -8.05235e-19 3.45961e-21 5.5142e-20 -7.63272e-23 -6.21532e-21 -6.80375e-23 3.91681e-22 -2.71338e-22 -3.88191e-21 -2.31001e-24 1.76914e-21 3.58549e-23 -2.93092e-22 -1.81698e-23 3.57543e-23 5.42001e-23 1.18116e-23 -2.94286e-23 -4.43922e-23 5.48374e-23 3.22324e-23 4.73506e-23 1.42863e-24 4.72267e-27 -1.423e-25 3.36383e-06 -1.78748e-18 -2.15381e-14 4.01053e-18 -1.92567e-21 -2.61761e-19 4.11177e-23 3.03639e-20 3.80388e-23 -1.74888e-21 1.5362e-22 1.90069e-20 -1.75639e-24 -8.79561e-21 -1.96894e-23 1.30465e-21 9.16801e-24 -1.58562e-22 -2.94286e-23 -4.43922e-23 1.61997e-23 2.03997e-22 -2.99543e-23 -1.3883e-22 -2.63813e-23 -5.52694e-24 -1.42014e-27 5.59451e-25 -8.83894e-06 1.18763e-18 5.65943e-14 -2.65777e-18 3.53186e-21 1.76049e-19 -7.59401e-23 -2.02608e-20 -7.17366e-23 1.20124e-21 -2.85183e-22 -1.26752e-20 4.23216e-24 5.83522e-21 3.65104e-23 -9.00897e-22 -1.77699e-23 1.08889e-22 5.48374e-23 3.22324e-23 -2.99543e-23 -1.3883e-22 5.8143e-23 9.68552e-23 4.5611e-23 4.06833e-24 6.76379e-27 -4.05055e-25 -1.91215e-06 4.47662e-20 1.22432e-14 -9.95326e-20 3.19628e-21 6.87061e-21 -6.72178e-23 -7.7581e-22 -6.0794e-23 4.95283e-23 -2.49346e-22 -4.85497e-22 2.78792e-24 2.2078e-22 3.20747e-23 -3.75303e-23 -1.3745e-23 4.25049e-24 4.73506e-23 1.42863e-24 -2.63813e-23 -5.52694e-24 4.5611e-23 4.06833e-24 4.69336e-23 2.21618e-25 2.62246e-27 -1.95501e-26 -4.84182e-08 -4.57467e-21 3.10013e-16 1.01746e-20 8.59755e-25 -6.97847e-22 4.38296e-27 7.87494e-23 -9.9078e-27 -4.96722e-24 -5.05255e-26 4.92802e-23 1.53048e-26 -2.24564e-23 5.48117e-27 3.75178e-24 4.98863e-27 -4.29328e-25 4.72267e-27 -1.423e-25 -1.42014e-27 5.59451e-25 6.76379e-27 -4.05055e-25 2.62246e-27 -1.95501e-26 5.2525e-28 1.9474e-27
1.61937e+08 0.000120178 -1.92655e-07 1.85389e-07 -9.84852e-09 -3.39368e-08 -1.34397e-08 1.28287e-08 -8.66353e-10 -2.96094e-10 3.6032e-10 7.41769e-10 2.12427e-09 -1.59378e-11 0.000120178 4.3097e-14 8.24089e-18 -1.54742e-17 -2.73747e-21 3.91017e-18 1.34761e-18 -1.27168e-18 -3.55984e-22 8.00379e-20 -4.32961e-20 -7.6118e-20 -2.20122e-19 1.06737e-21 -1.92655e-07 8.24089e-18 7.11478e-19 -3.33881e-19 2.73181e-21 8.45411e-20 2.60799e-20 -2.30336e-20 5.21782e-25 1.32658e-21 -9.99391e-22 -1.41018e-21 -3.99938e-21 1.39568e-23 1.85389e-07 -1.54742e-17 -3.33881e-19 2.45189e-19 -7.76816e-22 -6.38716e-20 -2.03168e-20 1.82615e-20 2.27014e-23 -1.03908e-21 7.88326e-22 1.10669e-21 3.12851e-21 -1.23648e-23 -9.84852e-09 -2.73747e-21 2.73181e-21 -7.76816e-22 1.23762e-21 -5.26209e-22 -2.81456e-22 3.7101e-22 -4.40927e-24 -1.60723e-23 1.10256e-23 1.75673e-23 5.00349e-23 -2.80671e-25 -3.39368e-08 3.91017e-18 8.45411e-20 -6.38716e-20 -5.26209e-22 1.7656e-20 5.68274e-21 -5.18788e-21 -1.52341e-24 2.91738e-22 -2.2336e-22 -3.1246e-22 -8.83909e-22 3.35649e-24 -1.34397e-08 1.34761e-18 2.60799e-20 -2.03168e-20 -2.81456e-22 5.68274e-21 1.90081e-21 -1.75967e-21 1.29089e-24 9.71275e-23 -7.71201e-23 -1.05311e-22 -2.96398e-22 1.23393e-24 1.28287e-08 -1.27168e-18 -2.30336e-20 1.82615e-20 3.7101e-22 -5.18788e-21 -1.75967e-21 1.68497e-21 -7.87503e-25 -9.04795e-23 7.34463e-23 9.91186e-23 2.78495e-22 -1.15899e-24 -8.66353e-10 -3.55984e-22 5.21782e-25 2.27014e-23 -4.40927e-24 -1.52341e-24 1.29089e-24 -7.87503e-25 3.66223e-24 -1.32536e-24 -4.72904e-25 1.03137e-25 3.40079e-25 6.54303e-27 -2.96094e-10 8.00379e-20 1.32658e-21 -1.03908e-21 -1.60723e-23 2.91738e-22 9.71275e-23 -9.04795e-23 -1.32536e-24 6.47786e-24 -2.90651e-24 -5.51398e-24 -1.56197e-23 6.26771e-26 3.6032e-10 -4.32961e-20 -9.99391e-22 7.88326e-22 1.10256e-23 -2.2336e-22 -7.71201e-23 7.34463e-23 -4.72904e-25 -2.90651e-24 4.88109e-24 4.49573e-24 1.20918e-23 -5.56514e-26 7.41769e-10 -7.6118e-20 -1.41018e-21 1.10669e-21 1.75673e-23 -3.1246e-22 -1.05311e-22 9.91186e-23 1.03137e-25 -5.51398e-24 4.49573e-24 6.05787e-24 1.69308e-23 -6.34193e-26 2.12427e-09 -2.20122e-19 -3.99938e-21 3.12851e-21 5.00349e-23 -8.83909e-22 -2.96398e-22 2.78495e-22 3.40079e-25 -1.56197e-23 1.20918e-23 1.69308e-23 4.80296e-23 -1.49176e-25 -1.59378e-11 1.06737e-21 1.39568e-23 -1.23648e-23 -2.80671e-25 3.35649e-24 1.23393e-24 -1.15899e-24 6.54303e-27 6.26771e-26 -5.56514e-26 -6.34193e-26 -1.49176e-25 1.0785e-26
9.68054e+24 -34.2632 -1052.86 4.49917 14.371 0.0453438 -0.561105 0.363418 0.00407869 -0.39673 -0.00700431 -0.00419068 -0.011845 -0.00478702 -34.2632 6.19477e-20 1.18446e-18 -9.53334e-22 -4.98282e-21 5.33627e-23 8.62587e-22 -2.64921e-22 3.3186e-23 2.18076e-23 -8.57023e-23 1.61832e-22 -1.75217e-25 9.60926e-26 -1052.86 1.18446e-18 3.2766e-17 -1.70465e-19 -7.41802e-19 2.57358e-21 6.97284e-20 -1.88254e-20 2.26045e-21 4.00343e-21 -6.53813e-21 1.2228e-20 -1.80603e-23 3.78694e-24 4.49917 -9.53334e-22 -1.70465e-19 4.40704e-21 1.97847e-20 -5.20402e-23 -1.08339e-21 2.98199e-22 -3.52337e-23 -7.03918e-23 1.06434e-22 -1.98729e-22 2.00587e-25 -1.26114e-25 14.371 -4.98282e-21 -7.41802e-19 1.97847e-20 9.26909e-20 -2.84788e-22 -3.95887e-21 1.12667e-21 -1.36692e-22 -2.37539e-22 4.05455e-22 -7.51777e-22 7.75716e-25 -5.32441e-25 0.0453438 5.33627e-23 2.57358e-21 -5.20402e-23 -2.84788e-22 1.15016e-23 2.99678e-23 -1.43099e-23 1.59994e-24 7.30176e-25 -4.27946e-24 7.94902e-24 -8.38616e-27 -7.1505e-28 -0.561105 8.62587e-22 6.97284e-20 -1.08339e-21 -3.95887e-21 2.99678e-23 1.12131e-21 -2.93065e-22 3.31333e-23 8.23545e-23 -1.04408e-22 1.96965e-22 -1.51938e-25 9.49994e-26 0.363418 -2.64921e-22 -1.88254e-20 2.98199e-22 1.12667e-21 -1.43099e-23 -2.93065e-22 8.40907e-23 -9.74183e-24 -1.91785e-23 2.89831e-23 -5.47566e-23 4.09811e-26 -2.61456e-26 0.00407869 3.3186e-23 2.26045e-21 -3.52337e-23 -1.36692e-22 1.59994e-24 3.31333e-23 -9.74183e-24 1.63719e-24 -8.28946e-26 -3.69089e-24 6.60364e-24 -8.27685e-27 2.9072e-27 -0.39673 2.18076e-23 4.00343e-21 -7.03918e-23 -2.37539e-22 7.30176e-25 8.23545e-23 -1.91785e-23 -8.28946e-26 2.46857e-23 -5.73779e-24 1.0575e-23 1.17204e-27 2.51879e-27 -0.00700431 -8.57023e-23 -6.53813e-21 1.06434e-22 4.05455e-22 -4.27946e-24 -1.04408e-22 2.89831e-23 -3.69089e-24 -5.73779e-24 1.07125e-23 -1.98313e-23 2.56244e-26 -9.09056e-27 -0.00419068 1.61832e-22 1.2228e-20 -1.98729e-22 -7.51777e-22 7.94902e-24 1.96965e-22 -5.47566e-23 6.60364e-24 1.0575e-23 -1.98313e-23 3.7832e-23 -2.5952e-26 1.98208e-26 -0.011845 -1.75217e-25 -1.80603e-23 2.00587e-25 7.75716e-25 -8.38616e-27 -1.51938e-25 4.09811e-26 -8.27685e-27 1.17204e-27 2.56244e-26 -2.5952e-26 4.2793e-27 1.15511e-27 -0.00478702 9.60926e-26 3.78694e-24 -1.26114e-25 -5.32441e-25 -7.1505e-28 9.49994e-26 -2.61456e-26 2.9072e-27 2.51879e-27 -9.09056e-27 1.98208e-26 1.15511e-27 9.85289e-28
3.74816e+26 -123.192 -25.2288 -123.078 -128.023 -12.7072 25.7055 64.1155 3.32389 -32.974 -1.03841 -5.22306 3.59223 0.0319599 -123.192 1.34132e-18 8.91206e-19 7.34965e-20 1.64108e-20 2.73142e-21 -3.94064e-21 -1.77494e-20 6.95234e-22 5.76386e-21 5.60263e-23 5.86486e-22 -3.37574e-22 4.43904e-24 -25.2288 8.91206e-19 1.62556e-18 2.29497e-19 -3.46528e-20 -2.60796e-21 1.1192e-20 6.15953e-20 3.26962e-21 -1.93046e-20 -6.24855e-22 -3.29942e-21 2.35863e-21 -1.36177e-23 -123.078 7.34965e-20 2.29497e-19 5.44683e-20 -7.88292e-21 -1.73566e-22 2.4161e-21 1.4377e-20 8.4919e-22 -4.42054e-21 -1.479e-22 -7.88358e-22 5.577e-22 -3.18385e-24 -128.023 1.64108e-20 -3.46528e-20 -7.88292e-21 8.55652e-21 8.4559e-22 -1.9947e-21 -9.64211e-21 -2.442e-22 3.12444e-21 8.08419e-23 4.65629e-22 -3.21029e-22 2.38418e-24 -12.7072 2.73142e-21 -2.60796e-21 -1.73566e-22 8.4559e-22 2.70981e-22 -2.5004e-22 -9.70411e-22 3.14419e-23 3.4415e-22 6.58644e-24 3.83455e-23 -2.61721e-23 2.10772e-25 25.7055 -3.94064e-21 1.1192e-20 2.4161e-21 -1.9947e-21 -2.5004e-22 5.86227e-22 2.6712e-21 9.51085e-23 -9.05715e-22 -2.6725e-23 -1.41735e-22 1.01516e-22 -6.99134e-25 64.1155 -1.77494e-20 6.15953e-20 1.4377e-20 -9.64211e-21 -9.70411e-22 2.6712e-21 1.43212e-20 3.81858e-22 -4.44801e-21 -1.17711e-22 -6.47037e-22 4.60572e-22 -3.52923e-24 3.32389 6.95234e-22 3.26962e-21 8.4919e-22 -2.442e-22 3.14419e-23 9.51085e-23 3.81858e-22 8.35552e-23 -1.5992e-22 -1.06333e-23 -4.52457e-23 3.66059e-23 -8.58328e-26 -32.974 5.76386e-21 -1.93046e-20 -4.42054e-21 3.12444e-21 3.4415e-22 -9.05715e-22 -4.44801e-21 -1.5992e-22 1.46971e-21 4.26166e-23 2.28596e-22 -1.64093e-22 1.11712e-24 -1.03841 5.60263e-23 -6.24855e-22 -1.479e-22 8.08419e-23 6.58644e-24 -2.6725e-23 -1.17711e-22 -1.06333e-23 4.26166e-23 2.1978e-24 8.52935e-24 -7.16866e-24 1.44244e-26 -5.22306 5.86486e-22 -3.29942e-21 -7.88358e-22 4.65629e-22 3.83455e-23 -1.41735e-22 -6.47037e-22 -4.52457e-23 2.28596e-22 8.52935e-24 4.4535e-23 -3.22575e-23 1.87766e-25 3.59223 -3.37574e-22 2.35863e-21 5.577e-22 -3.21029e-22 -2.61721e-23 1.01516e-22 4.60572e-22 3.66059e-23 -1.64093e-22 -7.16866e-24 -3.22575e-23 2.55932e-23 -9.45196e-26 0.0319599 4.43904e-24 -1.36177e-23 -3.18385e-24 2.38418e-24 2.10772e-25 -6.99134e-25 -3.52923e-24 -8.58328e-26 1.11712e-24 1.44244e-26 1.87766e-25 -9.45196e-26 1.91684e-26
4.94729e+29 1596.77 -22601.5 -1936.3 -2701.54 1278.21 29.3678 21.8263 5.12477 -23.2984 -2.12582 -6.37394 0.261584 0.0125202 1596.77 2.99067e-19 -2.14196e-19 -2.60078e-21 -7.07809e-21 2.50271e-21 -1.83594e-22 3.17826e-23 2.81752e-23 3.14365e-23 -7.91397e-25 8.31461e-24 -6.50534e-26 1.2091e-26 -22601.5 -2.14196e-19 2.67569e-19 1.17638e-21 6.64188e-21 -2.29819e-21 1.21792e-22 -7.74008e-23 -2.17234e-23 -2.51656e-24 1.71352e-24 -2.25117e-24 -4.57806e-25 -1.26459e-27 -1936.3 -2.60078e-21 1.17638e-21 1.3595e-21 2.19369e-21 -9.11639e-22 5.73685e-23 -4.45818e-24 5.89797e-25 -3.49747e-25 -4.02765e-25 -3.45518e-24 -4.1068e-26 1.5911e-27 -2701.54 -7.07809e-21 6.64188e-21 2.19369e-21 5.00498e-21 -1.97703e-21 1.15356e-22 -1.00134e-24 3.73708e-24 1.61087e-24 -1.32236e-24 -1.04422e-23 -1.6677e-25 -1.92849e-27 1278.21 2.50271e-21 -2.29819e-21 -9.11639e-22 -1.97703e-21 8.3179e-22 -4.31879e-23 -3.21406e-24 -2.46311e-24 -1.41848e-24 5.24266e-25 4.15527e-24 7.07004e-26 2.28101e-28 29.3678 -1.83594e-22 1.21792e-22 5.73685e-23 1.15356e-22 -4.31879e-23 1.01263e-23 -1.4326e-24 -6.71102e-26 -1.00107e-24 -5.4232e-26 -2.98657e-25 -5.01671e-27 7.93828e-29 21.8263 3.17826e-23 -7.74008e-23 -4.45818e-24 -1.00134e-24 -3.21406e-24 -1.4326e-24 6.57306e-24 1.19097e-24 1.11906e-24 3.58387e-26 4.95875e-26 2.10127e-28 -4.81518e-28 5.12477 2.81752e-23 -2.17234e-23 5.89797e-25 3.73708e-24 -2.46311e-24 -6.71102e-26 1.19097e-24 1.00111e-24 9.39112e-25 -1.15851e-26 -4.09027e-26 -2.07648e-27 -1.23722e-28 -23.2984 3.14365e-23 -2.51656e-24 -3.49747e-25 1.61087e-24 -1.41848e-24 -1.00107e-24 1.11906e-24 9.39112e-25 1.39642e-24 2.2589e-26 7.29831e-26 -1.60411e-27 -1.40006e-28 -2.12582 -7.91397e-25 1.71352e-24 -4.02765e-25 -1.32236e-24 5.24266e-25 -5.4232e-26 3.58387e-26 -1.15851e-26 2.2589e-26 2.41416e-26 6.64501e-26 -1.12339e-27 -1.47093e-29 -6.37394 8.31461e-24 -2.25117e-24 -3.45518e-24 -1.04422e-23 4.15527e-24 -2.98657e-25 4.95875e-26 -4.09027e-26 7.29831e-26 6.64501e-26 3.64297e-25 3.14037e-27 3.40227e-29 0.261584 -6.50534e-26 -4.57806e-25 -4.1068e-26 -1.6677e-25 7.07004e-26 -5.01671e-27 2.10127e-28 -2.07648e-27 -1.60411e-27 -1.12339e-27 3.14037e-27 1.22846e-27 4.75327e-29 0.0125202 1.2091e-26 -1.26459e-27 1.5911e-27 -1.92849e-27 2.28101e-28 7.93828e-29 -4.81518e-28 -1.23722e-28 -1.40006e-28 -1.47093e-29 3.40227e-29 4.75327e-29 1.71484e-29
2.84222e+31 -110623 -13619.2 -8770.11 -12165.4 -3477.62 -5676.74 1148.8 1069.42 4960.94 215.686 -51.2819 -12.3008 -0.237698 -110623 5.13197e-18 2.24466e-18 5.84029e-21 -1.25867e-20 -4.09645e-22 1.00584e-22 -5.59934e-23 -3.0901e-22 -1.35371e-21 4.87e-23 -7.12746e-23 -5.52422e-23 7.53121e-25 -13619.2 2.24466e-18 1.46471e-18 1.90958e-20 -3.62179e-21 -4.27943e-22 1.71972e-21 -5.12022e-22 -6.45787e-22 -2.61116e-21 6.32295e-23 -9.57758e-23 -5.32146e-23 1.11909e-25 -8770.11 5.84029e-21 1.90958e-20 4.32418e-21 1.36934e-21 1.49093e-22 6.10473e-23 -1.40006e-23 -1.54554e-23 -4.68769e-23 8.05467e-24 -2.52187e-24 -8.47777e-25 4.14398e-26 -12165.4 -1.25867e-20 -3.62179e-21 1.36934e-21 2.48881e-21 3.20734e-23 6.4e-23 1.14676e-24 6.58793e-24 1.37759e-23 -7.45633e-24 3.83616e-24 1.33065e-24 5.59013e-26 -3477.62 -4.09645e-22 -4.27943e-22 1.49093e-22 3.20734e-23 1.10205e-22 3.7205e-23 1.87357e-24 -4.15368e-24 -1.25522e-23 3.3752e-25 9.24824e-25 7.90109e-25 1.19706e-26 -5676.74 1.00584e-22 1.71972e-21 6.10473e-23 6.4e-23 3.7205e-23 2.47955e-22 -6.71437e-23 -6.07016e-23 -2.41697e-22 -1.75391e-24 -3.72497e-25 6.00451e-26 3.09824e-27 1148.8 -5.59934e-23 -5.12022e-22 -1.40006e-23 1.14676e-24 1.87357e-24 -6.71437e-23 2.63169e-23 1.85842e-23 7.61683e-23 4.03201e-25 1.41617e-25 3.10602e-26 -1.59031e-27 1069.42 -3.0901e-22 -6.45787e-22 -1.54554e-23 6.58793e-24 -4.15368e-24 -6.07016e-23 1.85842e-23 1.92064e-23 7.41078e-23 -3.85877e-25 4.14608e-25 1.42248e-25 8.05977e-29 4960.94 -1.35371e-21 -2.61116e-21 -4.68769e-23 1.37759e-23 -1.25522e-23 -2.41697e-22 7.61683e-23 7.41078e-23 2.96451e-22 6.82706e-25 1.7307e-24 5.91817e-25 -2.05139e-27 215.686 4.87e-23 6.32295e-23 8.05467e-24 -7.45633e-24 3.3752e-25 -1.75391e-24 4.03201e-25 -3.85877e-25 6.82706e-25 1.53241e-24 -5.30807e-25 -1.0734e-25 6.9719e-28 -51.2819 -7.12746e-23 -9.57758e-23 -2.52187e-24 3.83616e-24 9.24824e-25 -3.72497e-25 1.41617e-25 4.14608e-25 1.7307e-24 -5.30807e-25 5.61094e-25 2.84581e-25 4.36941e-28 -12.3008 -5.52422e-23 -5.32146e-23 -8.47777e-25 1.33065e-24 7.90109e-25 6.00451e-26 3.10602e-26 1.42248e-25 5.91817e-25 -1.0734e-25 2.84581e-25 3.02992e-25 -5.12614e-28 -0.237698 7.53121e-25 1.11909e-25 4.14398e-26 5.59013e-26 1.19706e-26 3.09824e-27 -1.59031e-27 8.05977e-29 -2.05139e-27 6.9719e-28 4.36941e-28 -5.12614e-28 3.20285e-28
1.7746e+32 514662 150328 -3.26102e+06 -269973 559302 -75437.8 -287195 5374.9 -2342.99 1321.09 807.854 -314.866 53.0307 514662 1.18531e-14 2.59417e-15 -5.19167e-14 -4.52088e-15 9.41004e-15 -1.06922e-15 -4.39632e-15 6.72467e-17 -2.68501e-17 1.03483e-17 1.38745e-18 -1.80251e-19 -1.61611e-21 150329 2.59417e-15 5.67909e-16 -1.13622e-14 -9.89408e-16 2.05941e-15 -2.34003e-16 -9.62154e-16 1.4719e-17 -5.87663e-18 2.26546e-18 3.03788e-19 -3.95081e-20 -3.53612e-22 -3.26102e+06 -5.19167e-14 -1.13622e-14 2.27425e-13 1.98047e-14 -4.1223e-14 4.68388e-15 1.92586e-14 -2.94447e-16 1.17592e-16 -4.52899e-17 -6.06562e-18 7.86115e-19 7.11761e-21 -269973 -4.52088e-15 -9.89408e-16 1.98047e-14 1.72467e-15 -3.58986e-15 4.07888e-16 1.6771e-15 -2.56371e-17 1.02394e-17 -3.94267e-18 -5.27833e-19 6.83456e-20 6.20939e-22 559302 9.41004e-15 2.05941e-15 -4.1223e-14 -3.58986e-15 7.47219e-15 -8.49006e-16 -3.49084e-15 5.33617e-17 -2.13128e-17 8.20619e-18 1.09855e-18 -1.42227e-19 -1.29294e-21 -75437.8 -1.06922e-15 -2.34003e-16 4.68388e-15 4.07888e-16 -8.49006e-16 9.64666e-17 3.96639e-16 -6.06383e-18 2.4218e-18 -9.32592e-19 -1.24884e-19 1.61784e-20 1.46571e-22 -287195 -4.39632e-15 -9.62154e-16 1.92586e-14 1.6771e-15 -3.49084e-15 3.96639e-16 1.63085e-15 -2.49331e-17 9.95765e-18 -3.83483e-18 -5.13544e-19 6.65383e-20 6.03057e-22 5374.9 6.72467e-17 1.4719e-17 -2.94447e-16 -2.56371e-17 5.33617e-17 -6.06383e-18 -2.49331e-17 3.82144e-19 -1.52434e-19 5.89008e-20 7.93689e-21 -1.0415e-21 -8.95751e-24 -2342.99 -2.68501e-17 -5.87663e-18 1.17592e-16 1.02394e-17 -2.13128e-17 2.4218e-18 9.95765e-18 -1.52434e-19 6.0856e-20 -2.34698e-20 -3.15048e-21 4.11173e-22 3.565e-24 1321.09 1.03483e-17 2.26546e-18 -4.52899e-17 -3.94267e-18 8.20619e-18 -9.32592e-19 -3.83483e-18 5.89008e-20 -2.34698e-20 9.11769e-21 1.23415e-21 -1.64894e-22 -1.30753e-24 807.854 1.38745e-18 3.03788e-19 -6.06562e-18 -5.27833e-19 1.09855e-18 -1.24884e-19 -5.13544e-19 7.93689e-21 -3.15048e-21 1.23415e-21 1.73908e-22 -2.35417e-23 -1.78969e-25 -314.866 -1.80251e-19 -3.95081e-20 7.86115e-19 6.83456e-20 -1.42227e-19 1.61784e-20 6.65383e-20 -1.0415e-21 4.11173e-22 -1.64894e-22 -2.35417e-23 4.00181e-24 -1.0707e-26 53.0307 -1.61611e-21 -3.53612e-22 7.11761e-21 6.20939e-22 -1.29294e-21 1.46571e-22 6.03057e-22 -8.95751e-24 3.565e-24 -1.30753e-24 -1.78969e-25 -1.0707e-26 7.75704e-27
6.50425e+80 2.29938e+30 6.54725e+30 3.73248e+28 1.81811e+29 4.91824e+29 -5.31306e+26 -1.02039e+28 -4.78217e+27 -1.38188e+27 3.3331e+26 1.60411e+27 1.97818e+26 1.46368e+25 2.29938e+30 1.92584e-17 2.29906e-17 1.0101e-19 4.57503e-19 1.11007e-18 -5.03738e-20 1.12851e-19 -9.96165e-22 9.48997e-21 -2.76973e-22 -4.58078e-21 -5.76829e-22 -3.8975e-24 6.54725e+30 2.29906e-17 3.75158e-17 1.87648e-19 8.48043e-19 2.09285e-18 -8.38068e-20 1.82486e-19 -4.00762e-22 1.49353e-20 -1.20595e-24 -5.95431e-21 -5.48745e-22 -3.00504e-24 3.73248e+28 1.0101e-19 1.87648e-19 4.07878e-21 3.88169e-21 1.20499e-20 8.10894e-23 -4.09516e-22 4.98767e-23 -4.88316e-23 3.12962e-23 8.65173e-23 3.27561e-23 4.66123e-26 1.81811e+29 4.57503e-19 8.48043e-19 3.88169e-21 2.19391e-20 5.27671e-20 -2.30304e-21 5.13513e-21 -3.12541e-23 4.37096e-22 -1.43896e-23 -2.0392e-22 -3.1907e-23 -1.02276e-25 4.91824e+29 1.11007e-18 2.09285e-18 1.20499e-20 5.27671e-20 1.31972e-19 -4.70969e-21 1.00098e-20 9.87417e-24 7.94997e-22 4.43565e-23 -2.73492e-22 -1.30132e-23 -1.11245e-25 -5.31306e+26 -5.03738e-20 -8.38068e-20 8.10894e-23 -2.30304e-21 -4.70969e-21 5.05109e-22 -1.19308e-21 2.51534e-23 -1.17927e-22 2.53961e-23 7.71309e-23 1.95386e-23 4.50988e-26 -1.02039e+28 1.12851e-19 1.82486e-19 -4.09516e-22 5.13513e-21 1.00098e-20 -1.19308e-21 2.93625e-21 -5.72364e-23 2.84018e-22 -6.41225e-23 -1.9652e-22 -5.06462e-23 -1.09252e-25 -4.78217e+27 -9.96165e-22 -4.00762e-22 4.98767e-23 -3.12541e-23 9.87417e-24 2.51534e-23 -5.72364e-23 1.97454e-23 -6.09936e-24 2.69596e-24 7.69635e-24 2.2564e-24 1.16799e-26 -1.38188e+27 9.48997e-21 1.49353e-20 -4.88316e-23 4.37096e-22 7.94997e-22 -1.17927e-22 2.84018e-22 -6.09936e-24 3.29559e-23 -7.90889e-24 -2.07047e-23 -4.97348e-24 -9.97086e-27 3.3331e+26 -2.76973e-22 -1.20595e-24 3.12962e-23 -1.43896e-23 4.43565e-23 2.53961e-23 -6.41225e-23 2.69596e-24 -7.90889e-24 7.05792e-24 4.97521e-24 1.77579e-24 -2.02848e-27 1.60411e+27 -4.58078e-21 -5.95431e-21 8.65173e-23 -2.0392e-22 -2.73492e-22 7.71309e-23 -1.9652e-22 7.69635e-24 -2.07047e-23 4.97521e-24 1.83686e-23 5.15594e-24 9.19968e-27 1.97818e+26 -5.76829e-22 -5.48745e-22 3.27561e-23 -3.1907e-23 -1.30132e-23 1.95386e-23 -5.06462e-23 2.2564e-24 -4.97348e-24 1.77579e-24 5.15594e-24 1.85985e-24 5.90467e-27 1.46368e+25 -3.8975e-24 -3.00504e-24 4.66123e-26 -1.02276e-25 -1.11245e-25 4.50988e-26 -1.09252e-25 1.16799e-26 -9.97086e-27 -2.02848e-27 9.19968e-27 5.90467e-27 1.01241e-27
28120.9 -0.000528908 -8.68377e-08 -9.90223e-09 5.06845e-10 3.2861e-10 1.49659e-10 3.31959e-10 7.88841e-11 -1.0817e-11 3.56412e-11 7.87556e-13 -6.13121e-12 -2.08917e-13 -0.000528908 2.31585e-09 -1.04055e-15 -8.52174e-17 4.11614e-16 3.96851e-18 2.16108e-17 4.25975e-17 -5.15396e-17 1.96428e-17 5.07581e-17 1.9396e-17 -2.70308e-18 -5.69312e-19 -8.68377e-08 -1.04055e-15 1.16156e-16 1.26191e-17 -2.3876e-18 -5.73898e-19 -9.52305e-20 -3.0546e-19 -2.05743e-19 -7.45376e-21 -1.20236e-19 -2.78574e-20 9.47561e-21 3.5558e-22 -9.90223e-09 -8.52174e-17 1.26191e-17 1.80672e-18 -3.03097e-19 -8.25459e-20 -6.86464e-21 -4.69559e-20 -3.38735e-20 1.75443e-21 -1.41192e-20 -3.07676e-21 1.0878e-21 4.0487e-23 5.06845e-10 4.11614e-16 -2.3876e-18 -3.03097e-19 8.3686e-20 1.67683e-20 -3.13018e-23 4.63085e-21 6.39631e-21 1.85672e-21 4.45432e-21 1.04522e-21 -3.02635e-22 -1.44691e-23 3.2861e-10 3.96851e-18 -5.73898e-19 -8.25459e-20 1.67683e-20 4.73724e-21 -9.00397e-22 1.8446e-21 2.43173e-21 1.3344e-22 7.41609e-22 1.34185e-22 -4.69581e-23 -2.2964e-24 1.49659e-10 2.16108e-17 -9.52305e-20 -6.86464e-21 -3.13018e-23 -9.00397e-22 2.40964e-21 4.61293e-22 -1.32926e-21 -1.9235e-22 1.12352e-22 8.66319e-23 -2.49004e-23 -3.22836e-25 3.31959e-10 4.25975e-17 -3.0546e-19 -4.69559e-20 4.63085e-21 1.8446e-21 4.61293e-22 2.20883e-21 6.69863e-22 -3.97814e-22 1.75747e-22 5.49441e-23 -2.21524e-23 -2.55485e-25 7.88841e-11 -5.15396e-17 -2.05743e-19 -3.38735e-20 6.39631e-21 2.43173e-21 -1.32926e-21 6.69863e-22 1.76189e-21 2.30358e-23 1.30442e-22 -2.23575e-23 -1.71791e-24 -3.46308e-25 -1.0817e-11 1.96428e-17 -7.45376e-21 1.75443e-21 1.85672e-21 1.3344e-22 -1.9235e-22 -3.97814e-22 2.30358e-23 2.65174e-22 1.51464e-22 3.21722e-23 -6.4789e-24 -8.59927e-25 3.56412e-11 5.07581e-17 -1.20236e-19 -1.41192e-20 4.45432e-21 7.41609e-22 1.12352e-22 1.75747e-22 1.30442e-22 1.51464e-22 3.39936e-22 9.17414e-23 -2.42658e-23 -1.00582e-24 7.87556e-13 1.9396e-17 -2.78574e-20 -3.07676e-21 1.04522e-21 1.34185e-22 8.66319e-23 5.49441e-23 -2.23575e-23 3.21722e-23 9.17414e-23 2.99808e-23 -6.995e-24 -2.42704e-25 -6.13121e-12 -2.70308e-18 9.47561e-21 1.0878e-21 -3.02635e-22 -4.69581e-23 -2.49004e-23 -2.21524e-23 -1.71791e-24 -6.4789e-24 -2.42658e-23 -6.995e-24 2.74519e-24 1.68222e-26 -2.08917e-13 -5.69312e-19 3.5558e-22 4.0487e-23 -1.44691e-23 -2.2964e-24 -3.22836e-25 -2.55485e-25 -3.46308e-25 -8.59927e-25 -1.00582e-24 -2.42704e-25 1.68222e-26 3.90185e-26
